2.763699040828619857e+01 6.120821939560594060e+00 4.764114413737414111e+02 0.000000000000000000e+00 0.000000000000000000e+00 1.000000000000000000e+00 0.000000000000000000e+00 0.000000000000000000e+00 0.000000000000000000e+00 0.000000000000000000e+00 1.000000000000000000e+00
6.498108302894606503e+00 5.376392820979006615e+00 4.776341882339684162e+02 0.000000000000000000e+00 0.000000000000000000e+00 1.000000000000000000e+00 1.000000000000000000e+00 0.000000000000000000e+00 0.000000000000000000e+00 0.000000000000000000e+00 1.000000000000000000e+00
9.398139467576671624e-01 1.433933145149743682e+00 4.793629373019501259e+02 0.000000000000000000e+00 0.000000000000000000e+00 1.000000000000000000e+00 2.000000000000000000e+00 0.000000000000000000e+00 0.000000000000000000e+00 0.000000000000000000e+00 1.000000000000000000e+00
1.293055678888639903e+01 3.999689322679679027e+00 4.593375517390230129e+02 0.000000000000000000e+00 0.000000000000000000e+00 1.000000000000000000e+00 3.000000000000000000e+00 0.000000000000000000e+00 0.000000000000000000e+00 0.000000000000000000e+00 1.000000000000000000e+00
1.418868793849810217e+01 1.208677876547580077e+00 4.703062775708577306e+02 0.000000000000000000e+00 0.000000000000000000e+00 1.000000000000000000e+00 4.000000000000000000e+00 0.000000000000000000e+00 0.000000000000000000e+00 0.000000000000000000e+00 1.000000000000000000e+00
3.211095100622471676e+01 4.710164817049019348e+00 4.879312045966130427e+02 0.000000000000000000e+00 0.000000000000000000e+00 1.000000000000000000e+00 5.000000000000000000e+00 0.000000000000000000e+00 0.000000000000000000e+00 0.000000000000000000e+00 1.000000000000000000e+00
2.086742190943240871e+01 4.464518454723733321e+00 4.713878561416657362e+02 0.000000000000000000e+00 0.000000000000000000e+00 1.000000000000000000e+00 6.000000000000000000e+00 0.000000000000000000e+00 0.000000000000000000e+00 0.000000000000000000e+00 1.000000000000000000e+00
1.558495794542622548e+01 6.178354251597367508e+00 4.935304759534699883e+02 0.000000000000000000e+00 0.000000000000000000e+00 1.000000000000000000e+00 7.000000000000000000e+00 0.000000000000000000e+00 0.000000000000000000e+00 0.000000000000000000e+00 1.000000000000000000e+00
2.170766864822994791e+01 3.710425979534102581e+00 4.719227980514917817e+02 0.000000000000000000e+00 0.000000000000000000e+00 1.000000000000000000e+00 8.000000000000000000e+00 0.000000000000000000e+00 0.000000000000000000e+00 0.000000000000000000e+00 1.000000000000000000e+00
2.844613092800448229e+01 1.369188346218772390e+00 4.715956676857663865e+02 0.000000000000000000e+00 0.000000000000000000e+00 1.000000000000000000e+00 9.000000000000000000e+00 0.000000000000000000e+00 0.000000000000000000e+00 0.000000000000000000e+00 1.000000000000000000e+00
4.561292933381923831e+01 1.276847773834441924e+00 4.597447711218123914e+02 0.000000000000000000e+00 0.000000000000000000e+00 1.000000000000000000e+00 1.000000000000000000e+01 0.000000000000000000e+00 0.000000000000000000e+00 0.000000000000000000e+00 1.000000000000000000e+00
7.790299564976410629e+00 4.122827177499634566e+00 4.891884399486277744e+02 0.000000000000000000e+00 0.000000000000000000e+00 1.000000000000000000e+00 1.100000000000000000e+01 0.000000000000000000e+00 0.000000000000000000e+00 0.000000000000000000e+00 1.000000000000000000e+00
2.985175859589728198e+00 3.470999954373222618e+00 4.702177670196659847e+02 0.000000000000000000e+00 0.000000000000000000e+00 1.000000000000000000e+00 1.200000000000000000e+01 0.000000000000000000e+00 0.000000000000000000e+00 0.000000000000000000e+00 1.000000000000000000e+00
4.989258047185530387e+01 5.006868207786812519e+00 4.667461942331673868e+02 0.000000000000000000e+00 0.000000000000000000e+00 1.000000000000000000e+00 1.300000000000000000e+01 0.000000000000000000e+00 0.000000000000000000e+00 0.000000000000000000e+00 1.000000000000000000e+00
3.166508694198627083e+01 4.676644132765579442e+00 4.563701102306083044e+02 0.000000000000000000e+00 0.000000000000000000e+00 1.000000000000000000e+00 1.400000000000000000e+01 0.000000000000000000e+00 0.000000000000000000e+00 0.000000000000000000e+00 1.000000000000000000e+00
1.223802174037628099e+01 9.423172147616608596e-01 4.592087116211546345e+02 0.000000000000000000e+00 0.000000000000000000e+00 1.000000000000000000e+00 1.500000000000000000e+01 0.000000000000000000e+00 0.000000000000000000e+00 0.000000000000000000e+00 1.000000000000000000e+00
2.350945310442491021e+01 4.471110537560228693e+00 4.878776840102813139e+02 0.000000000000000000e+00 0.000000000000000000e+00 1.000000000000000000e+00 1.600000000000000000e+01 0.000000000000000000e+00 0.000000000000000000e+00 0.000000000000000000e+00 1.000000000000000000e+00
4.591537288843507980e+01 5.381270088744859237e+00 4.638952579342773674e+02 0.000000000000000000e+00 0.000000000000000000e+00 1.000000000000000000e+00 1.700000000000000000e+01 0.000000000000000000e+00 0.000000000000000000e+00 0.000000000000000000e+00 1.000000000000000000e+00
2.272002988495768250e+01 5.718498802929141256e+00 4.878453997292137387e+02 0.000000000000000000e+00 0.000000000000000000e+00 1.000000000000000000e+00 1.800000000000000000e+01 0.000000000000000000e+00 0.000000000000000000e+00 0.000000000000000000e+00 1.000000000000000000e+00
2.154690582430582779e+01 3.190841260020141679e+00 4.615776717526143784e+02 0.000000000000000000e+00 0.000000000000000000e+00 1.000000000000000000e+00 1.900000000000000000e+01 0.000000000000000000e+00 0.000000000000000000e+00 0.000000000000000000e+00 1.000000000000000000e+00
2.722143753323114979e+01 6.130583823184155179e+00 4.905105282756323959e+02 -2.944332737512637618e-02 6.916624876878003057e-04 9.989680164954707342e-01 0.000000000000000000e+00 1.000000000000000000e+00 0.000000000000000000e+00 2.000000000000000000e+00 1.000000000000000000e+00
5.696393014551070166e+00 5.372928178910926000e+00 4.923635788683274654e+02 -5.434543559957155656e-02 -2.348557962209375034e-04 9.984531438765398281e-01 1.000000000000000000e+00 1.000000000000000000e+00 0.000000000000000000e+00 2.000000000000000000e+00 1.000000000000000000e+00
1.358034420231080563e+00 1.431792058415367164e+00 4.918453597036609608e+02 3.348473257635523753e-02 -1.714256505138224754e-04 9.994024743816449785e-01 2.000000000000000000e+00 1.000000000000000000e+00 0.000000000000000000e+00 2.000000000000000000e+00 1.000000000000000000e+00
1.198798903894691570e+01 4.025263074717368106e+00 4.717791973620404065e+02 -7.514902285721522524e-02 2.038943594822195497e-03 9.919472752653941683e-01 3.000000000000000000e+00 1.000000000000000000e+00 0.000000000000000000e+00 2.000000000000000000e+00 1.000000000000000000e+00
1.456430899398326417e+01 1.217258592536593520e+00 4.828400980754163925e+02 2.993763333992480527e-02 6.838975752871791561e-04 9.989666903237039985e-01 4.000000000000000000e+00 1.000000000000000000e+00 0.000000000000000000e+00 2.000000000000000000e+00 1.000000000000000000e+00
3.164985566227093017e+01 4.723360848443252102e+00 5.015810363361921418e+02 -3.372170994822501489e-02 9.650775029048842433e-04 9.982657010093228811e-01 5.000000000000000000e+00 1.000000000000000000e+00 0.000000000000000000e+00 2.000000000000000000e+00 1.000000000000000000e+00
2.071924333162432674e+01 4.450874792325772766e+00 4.851726764823135341e+02 -1.073564461641819331e-02 -9.884931610060570216e-04 9.987201555547382537e-01 6.000000000000000000e+00 1.000000000000000000e+00 0.000000000000000000e+00 2.000000000000000000e+00 1.000000000000000000e+00
1.641069293508241955e+01 6.193525184195267208e+00 5.058426632124099456e+02 6.679007997253975926e-02 1.227110167504969103e-03 9.958788012651322852e-01 7.000000000000000000e+00 1.000000000000000000e+00 0.000000000000000000e+00 2.000000000000000000e+00 1.000000000000000000e+00
2.180215273321515923e+01 3.725483062533737844e+00 4.864539538934321854e+02 6.493326649890396492e-03 1.034783353476384071e-03 9.986395221687545121e-01 8.000000000000000000e+00 1.000000000000000000e+00 0.000000000000000000e+00 2.000000000000000000e+00 1.000000000000000000e+00
2.782478255374402210e+01 1.375329713212701588e+00 4.890128515151366173e+02 -3.564623388041619073e-02 3.523250615592688709e-04 9.992091941318574921e-01 9.000000000000000000e+00 1.000000000000000000e+00 0.000000000000000000e+00 2.000000000000000000e+00 1.000000000000000000e+00
4.536716814365220074e+01 1.274276771630669547e+00 4.759986376437637432e+02 -1.511796706916286072e-02 -1.581548601101609138e-04 9.998544467432519678e-01 1.000000000000000000e+01 1.000000000000000000e+00 0.000000000000000000e+00 2.000000000000000000e+00 1.000000000000000000e+00
8.210574275918812504e+00 4.128416257448966675e+00 5.018947147630158270e+02 3.305009269480439077e-02 4.395211170091238074e-04 9.992120617477165956e-01 1.100000000000000000e+01 1.000000000000000000e+00 0.000000000000000000e+00 2.000000000000000000e+00 1.000000000000000000e+00
3.547834933645963584e+00 3.465040655844246587e+00 4.860101811205586841e+02 3.559952024951570232e-02 -3.770456719480266860e-04 9.991883033548618620e-01 1.200000000000000000e+01 1.000000000000000000e+00 0.000000000000000000e+00 2.000000000000000000e+00 1.000000000000000000e+00
5.000000000000000000e+01 5.006868207786812519e+00 4.836378233360289869e+02 3.227103552023413702e-02 1.010334643905929980e-03 9.982017030814765990e-01 1.300000000000000000e+01 1.000000000000000000e+00 0.000000000000000000e+00 2.000000000000000000e+00 1.000000000000000000e+00
3.128890918653570452e+01 4.696572106414012460e+00 4.724678225514437599e+02 -2.331742037772517942e-02 1.235237682462621061e-03 9.978185043265581644e-01 1.400000000000000000e+01 1.000000000000000000e+00 0.000000000000000000e+00 2.000000000000000000e+00 1.000000000000000000e+00
1.085024049054282713e+01 9.241390961365629764e-01 4.734465721523230854e+02 -9.681622803873568550e-02 -1.268165914717376630e-03 9.932804266772924384e-01 1.500000000000000000e+01 1.000000000000000000e+00 0.000000000000000000e+00 2.000000000000000000e+00 1.000000000000000000e+00
2.381929875107480399e+01 4.460144550275486175e+00 5.054742560866130248e+02 1.759702886280197637e-02 -6.227900790123918088e-04 9.993601332197072917e-01 1.600000000000000000e+01 1.000000000000000000e+00 0.000000000000000000e+00 2.000000000000000000e+00 1.000000000000000000e+00
4.620722127097771903e+01 5.379730800628014897e+00 4.786844706574015049e+02 1.972976035789758900e-02 -1.040601472672627323e-04 9.997918109639610806e-01 1.700000000000000000e+01 1.000000000000000000e+00 0.000000000000000000e+00 2.000000000000000000e+00 1.000000000000000000e+00
2.340546833283635664e+01 5.725151544121903413e+00 5.041604335312385388e+02 4.196695457319154360e-02 4.073236455992637357e-04 9.989114041511344411e-01 1.800000000000000000e+01 1.000000000000000000e+00 0.000000000000000000e+00 2.000000000000000000e+00 1.000000000000000000e+00
2.081602922977035064e+01 3.193963498032093895e+00 4.767564804045338178e+02 -4.809285654280659461e-02 2.054482876096987815e-04 9.987900453310238902e-01 1.900000000000000000e+01 1.000000000000000000e+00 0.000000000000000000e+00 2.000000000000000000e+00 1.000000000000000000e+00
2.730193327126133340e+01 6.119358800553883704e+00 5.051004315115201848e+02 5.513060686954520360e-03 -7.687889133946210728e-04 9.992457231224288750e-01 0.000000000000000000e+00 2.000000000000000000e+00 2.000000000000000000e+00 4.000000000000000000e+00 1.000000000000000000e+00
4.471740110205000285e+00 5.378084345059214399e+00 5.056991701452462848e+02 -9.143167415072706028e-02 3.849555261447929659e-04 9.956253171094143761e-01 1.000000000000000000e+00 2.000000000000000000e+00 2.000000000000000000e+00 4.000000000000000000e+00 1.000000000000000000e+00
1.291111867899974008e+00 1.436881774324361594e+00 5.059927726821261444e+02 -4.729555821064045616e-03 3.597007984072083634e-04 9.998270698679838642e-01 2.000000000000000000e+00 2.000000000000000000e+00 2.000000000000000000e+00 4.000000000000000000e+00 1.000000000000000000e+00
1.117114149744768881e+01 4.041451914684290436e+00 4.846602365342449161e+02 -6.316350832455477904e-02 1.251817353993431260e-03 9.960385306285777229e-01 3.000000000000000000e+00 2.000000000000000000e+00 2.000000000000000000e+00 4.000000000000000000e+00 1.000000000000000000e+00
1.514912435903065102e+01 1.232170358876786720e+00 4.956330272275413904e+02 4.558906271658764997e-02 1.162441159259019552e-03 9.972679999572704457e-01 4.000000000000000000e+00 2.000000000000000000e+00 2.000000000000000000e+00 4.000000000000000000e+00 1.000000000000000000e+00
3.102608399575222009e+01 4.738600062198462304e+00 5.175715272769477906e+02 -3.893515575199612416e-02 9.512153131426095455e-04 9.981092260953585704e-01 5.000000000000000000e+00 2.000000000000000000e+00 2.000000000000000000e+00 4.000000000000000000e+00 1.000000000000000000e+00
2.105857726097560345e+01 4.465071610536445412e+00 4.998786642877432769e+02 2.304158915403375571e-02 9.639980685992601515e-04 9.985719075152269530e-01 6.000000000000000000e+00 2.000000000000000000e+00 2.000000000000000000e+00 4.000000000000000000e+00 1.000000000000000000e+00
1.735901845908528074e+01 6.221080308947724902e+00 5.216213212967841173e+02 5.976693477594896553e-02 1.736624505129627559e-03 9.944286056967314158e-01 7.000000000000000000e+00 2.000000000000000000e+00 2.000000000000000000e+00 4.000000000000000000e+00 1.000000000000000000e+00
2.211858399328651359e+01 3.744475234537443686e+00 5.003218832852387550e+02 2.275828176837125030e-02 1.365949754004199554e-03 9.974053908941895585e-01 8.000000000000000000e+00 2.000000000000000000e+00 2.000000000000000000e+00 4.000000000000000000e+00 1.000000000000000000e+00
2.709798913972734624e+01 1.404117440266511974e+00 5.035269978981124837e+02 -4.976863901271690732e-02 1.971297439006296053e-03 9.938853296976667417e-01 9.000000000000000000e+00 2.000000000000000000e+00 2.000000000000000000e+00 4.000000000000000000e+00 1.000000000000000000e+00
4.523686012508892418e+01 1.284733240102875929e+00 4.891419076897072387e+02 -9.906108218441534233e-03 7.949081676665982563e-04 9.991607335821434122e-01 1.000000000000000000e+01 2.000000000000000000e+00 2.000000000000000000e+00 4.000000000000000000e+00 1.000000000000000000e+00
8.263829466796448031e+00 4.140109814292925350e+00 5.164249576256067940e+02 3.662139217459611535e-03 8.041175405464008521e-04 9.991847057420444322e-01 1.100000000000000000e+01 2.000000000000000000e+00 2.000000000000000000e+00 4.000000000000000000e+00 1.000000000000000000e+00
3.472925210340206181e+00 3.481633690794669445e+00 5.020428030176420862e+02 -4.666037329587511412e-03 1.033560358697408355e-03 9.986528979369968528e-01 1.200000000000000000e+01 2.000000000000000000e+00 2.000000000000000000e+00 4.000000000000000000e+00 1.000000000000000000e+00
4.983853761506800595e+01 5.025324627765318297e+00 4.966028709081008969e+02 -1.242128130928306720e-02 1.419850106957383984e-03 9.973995066948190269e-01 1.300000000000000000e+01 2.000000000000000000e+00 2.000000000000000000e+00 4.000000000000000000e+00 1.000000000000000000e+00
3.153446121524937595e+01 4.731017801267149103e+00 4.862830563962189672e+02 1.763473365829043918e-02 2.473775751688554823e-03 9.921643513020892424e-01 1.400000000000000000e+01 2.000000000000000000e+00 2.000000000000000000e+00 4.000000000000000000e+00 1.000000000000000000e+00
8.389332714544254443e+00 9.391136696808186635e-01 4.900963520137353839e+02 -1.460712645574257507e-01 8.888406608126644699e-04 9.882753115249869325e-01 1.500000000000000000e+01 2.000000000000000000e+00 2.000000000000000000e+00 4.000000000000000000e+00 1.000000000000000000e+00
2.394490528832213272e+01 4.488016797188421947e+00 5.181800009918167689e+02 9.826397813714460999e-03 2.180489902283372448e-03 9.939904936019797743e-01 1.600000000000000000e+01 2.000000000000000000e+00 2.000000000000000000e+00 4.000000000000000000e+00 1.000000000000000000e+00
4.578499725781124141e+01 5.414791662379490944e+00 4.945090154795024660e+02 -2.651004010920001222e-02 2.201354783978766005e-03 9.935704859550946733e-01 1.700000000000000000e+01 2.000000000000000000e+00 2.000000000000000000e+00 4.000000000000000000e+00 1.000000000000000000e+00
2.352378340962255621e+01 5.742391709854940629e+00 5.190042825285499930e+02 7.956988925377455127e-03 1.159444861429986730e-03 9.982864846127589287e-01 1.800000000000000000e+01 2.000000000000000000e+00 2.000000000000000000e+00 4.000000000000000000e+00 1.000000000000000000e+00
1.948617987989081612e+01 3.213701530572936615e+00 4.905555826669238400e+02 -9.568556718829432373e-02 1.420194579951947200e-03 9.928755665336629344e-01 1.900000000000000000e+01 2.000000000000000000e+00 2.000000000000000000e+00 4.000000000000000000e+00 1.000000000000000000e+00
2.683773036039403337e+01 6.148094498487136406e+00 5.224598344013970745e+02 -2.664013655217420395e-02 1.649112702532631132e-03 9.962386116590469243e-01 0.000000000000000000e+00 3.000000000000000000e+00 4.000000000000000000e+00 6.000000000000000000e+00 1.000000000000000000e+00
3.136193051673487275e+00 5.400034961137309963e+00 5.221054072408851425e+02 -8.095668781424106286e-02 1.330577729787059882e-03 9.944948074075773414e-01 1.000000000000000000e+00 3.000000000000000000e+00 4.000000000000000000e+00 6.000000000000000000e+00 1.000000000000000000e+00
7.009826055474328577e-01 1.433970586888368315e+00 5.185921178065547110e+02 -4.678368246191950269e-02 -2.307902306855595534e-04 9.988383886940132017e-01 2.000000000000000000e+00 3.000000000000000000e+00 4.000000000000000000e+00 6.000000000000000000e+00 1.000000000000000000e+00
1.021655863946078568e+01 4.042483103363021968e+00 5.004806801234082627e+02 -6.022870636572027342e-02 6.506209452573770934e-05 9.981793026501559751e-01 3.000000000000000000e+00 3.000000000000000000e+00 4.000000000000000000e+00 6.000000000000000000e+00 1.000000000000000000e+00
1.555801283787234546e+01 1.228658260479865927e+00 5.105045267434543916e+02 2.748247027252842534e-02 -2.360573720761127248e-04 9.995526029781729438e-01 4.000000000000000000e+00 3.000000000000000000e+00 4.000000000000000000e+00 6.000000000000000000e+00 1.000000000000000000e+00
3.046190008065837773e+01 4.747451144384760013e+00 5.320128174735547191e+02 -3.901934842201368325e-02 6.121469444615227056e-04 9.987695834098511138e-01 5.000000000000000000e+00 3.000000000000000000e+00 4.000000000000000000e+00 6.000000000000000000e+00 1.000000000000000000e+00
2.182266880121821018e+01 4.483530628100143467e+00 5.129035334162487061e+02 5.841738366591485432e-02 1.411254351503561308e-03 9.957953164049502259e-01 6.000000000000000000e+00 3.000000000000000000e+00 4.000000000000000000e+00 6.000000000000000000e+00 1.000000000000000000e+00
1.772040962845456846e+01 6.242526891172748726e+00 5.364515545143981399e+02 2.429791250392480603e-02 1.441947735804714964e-03 9.971015887390667354e-01 7.000000000000000000e+00 3.000000000000000000e+00 4.000000000000000000e+00 6.000000000000000000e+00 1.000000000000000000e+00
2.328797832218128860e+01 3.765573144494872349e+00 5.177190064503549820e+02 6.694394209523407691e-02 1.207785284759705464e-03 9.959275301855776696e-01 8.000000000000000000e+00 3.000000000000000000e+00 4.000000000000000000e+00 6.000000000000000000e+00 1.000000000000000000e+00
2.604232584830198149e+01 1.406430330331700507e+00 5.169899867490674978e+02 -7.816943487558622450e-02 1.712641812912069192e-04 9.969033107085902845e-01 9.000000000000000000e+00 3.000000000000000000e+00 4.000000000000000000e+00 6.000000000000000000e+00 1.000000000000000000e+00
4.479028980624670453e+01 1.292222272237373737e+00 5.012102677016321195e+02 -3.696032727179163202e-02 6.198286517510374731e-04 9.988360552734033559e-01 1.000000000000000000e+01 3.000000000000000000e+00 4.000000000000000000e+00 6.000000000000000000e+00 1.000000000000000000e+00
8.782962033422831993e+00 4.163405126059703143e+00 5.302520673086901297e+02 3.738588868592744585e-02 1.677636866969106676e-03 9.957741368822693451e-01 1.100000000000000000e+01 3.000000000000000000e+00 4.000000000000000000e+00 6.000000000000000000e+00 1.000000000000000000e+00
3.351386613334879527e+00 3.490679511681511027e+00 5.180273085545933327e+02 -7.600264057811398702e-03 5.656690882868093762e-04 9.995710490968831019e-01 1.200000000000000000e+01 3.000000000000000000e+00 4.000000000000000000e+00 6.000000000000000000e+00 1.000000000000000000e+00
4.989051475584169282e+01 5.056496554536169974e+00 5.109494625194535615e+02 3.601745174597964505e-03 2.160052191379252702e-03 9.941440860146939507e-01 1.300000000000000000e+01 3.000000000000000000e+00 4.000000000000000000e+00 6.000000000000000000e+00 1.000000000000000000e+00
3.169344346774818177e+01 4.743106760755339657e+00 5.015501212133146964e+02 1.040469792707164262e-02 7.911698931814513131e-04 9.991630836662023230e-01 1.400000000000000000e+01 3.000000000000000000e+00 4.000000000000000000e+00 6.000000000000000000e+00 1.000000000000000000e+00
5.691429140118085428e+00 9.508413340021113491e-01 5.059459403091487388e+02 -1.676939744206295269e-01 7.289580915162546804e-04 9.851651035207477092e-01 1.500000000000000000e+01 3.000000000000000000e+00 4.000000000000000000e+00 6.000000000000000000e+00 1.000000000000000000e+00
2.371060957692390758e+01 4.506881091664202366e+00 5.325414874725782965e+02 -1.627694038597290310e-02 1.310536137316809999e-03 9.977180457391948698e-01 1.600000000000000000e+01 3.000000000000000000e+00 4.000000000000000000e+00 6.000000000000000000e+00 1.000000000000000000e+00
4.551256201448085648e+01 5.423911325035950526e+00 5.075735241849366730e+02 -2.083586580492054890e-02 6.974724157318399915e-04 9.991745079161058474e-01 1.700000000000000000e+01 3.000000000000000000e+00 4.000000000000000000e+00 6.000000000000000000e+00 1.000000000000000000e+00
2.290560814892756625e+01 5.747792921447905989e+00 5.346318855571601034e+02 -3.951982410840720883e-02 3.452984059671159486e-04 9.990696202114905944e-01 1.800000000000000000e+01 3.000000000000000000e+00 4.000000000000000000e+00 6.000000000000000000e+00 1.000000000000000000e+00
1.705646687145586782e+01 3.216141003503704354e+00 5.054153891527566316e+02 -1.613609148601059251e-01 1.620090860602040343e-04 9.868622182430507594e-01 1.900000000000000000e+01 3.000000000000000000e+00 4.000000000000000000e+00 6.000000000000000000e+00 1.000000000000000000e+00
2.674980349015607928e+01 6.186746960438166631e+00 5.345127833561481339e+02 -7.202854898822524943e-03 3.166359432128995448e-03 9.873619086979839032e-01 0.000000000000000000e+00 4.000000000000000000e+00 6.000000000000000000e+00 9.000000000000000000e+00 1.000000000000000000e+00
2.274767998842857519e+00 5.416890992896637336e+00 5.386761748932032106e+02 -5.184768362849138945e-02 1.014535389953683062e-03 9.973658368716510347e-01 1.000000000000000000e+00 4.000000000000000000e+00 6.000000000000000000e+00 9.000000000000000000e+00 1.000000000000000000e+00
1.363554149945038985e+00 5.397537231993636553e+00 5.367654595809375451e+02 -1.200376142911309951e-01 -1.691384789421272153e-04 9.927333235026648550e-01 1.000000000000000000e+00 4.000000000000000000e+00 6.000000000000000000e+00 1.000000000000000000e+01 2.000000000000000000e+00
-6.195034427557197798e-01 1.448356228733895135e+00 5.349232156764172714e+02 -8.051657266018961978e-02 8.771638128303170827e-04 9.957878994247263416e-01 2.000000000000000000e+00 4.000000000000000000e+00 6.000000000000000000e+00 9.000000000000000000e+00 1.000000000000000000e+00
9.118167493898232223e+00 4.055134515520625982e+00 5.126961605501193162e+02 -8.943777249643634908e-02 1.030155902914653247e-03 9.946596563096852250e-01 3.000000000000000000e+00 4.000000000000000000e+00 6.000000000000000000e+00 9.000000000000000000e+00 1.000000000000000000e+00
9.057258869843156646e+00 4.077920260209142889e+00 5.122841670342069165e+02 -9.667353726093473598e-02 2.955090126443307274e-03 9.842879827849935204e-01 3.000000000000000000e+00 4.000000000000000000e+00 6.000000000000000000e+00 1.000000000000000000e+01 2.000000000000000000e+00
1.637921807800895735e+01 1.241185829831382481e+00 5.264847710502027667e+02 5.128178290915486742e-02 7.823088071831806522e-04 9.979179129904258705e-01 4.000000000000000000e+00 4.000000000000000000e+00 6.000000000000000000e+00 9.000000000000000000e+00 1.000000000000000000e+00
1.573290770281287188e+01 1.241083504404835836e+00 5.230788796280630777e+02 1.389057067310115259e-02 9.868427465209259498e-04 9.986853385979355124e-01 4.000000000000000000e+00 4.000000000000000000e+00 6.000000000000000000e+00 1.000000000000000000e+01 2.000000000000000000e+00
2.994690770580881178e+01 4.762992813309918638e+00 5.490370166069214974e+02 -3.020535443225614430e-02 9.115506195413571391e-04 9.985040436741635661e-01 5.000000000000000000e+00 4.000000000000000000e+00 6.000000000000000000e+00 9.000000000000000000e+00 1.000000000000000000e+00
2.942643258188285671e+01 4.769340073743935093e+00 5.457126137536878332e+02 -7.512971914835211984e-02 1.588180331258711667e-03 9.940069081194542466e-01 5.000000000000000000e+00 4.000000000000000000e+00 6.000000000000000000e+00 1.000000000000000000e+01 2.000000000000000000e+00
2.281675883137007688e+01 4.512022042012107548e+00 5.304245867586814711e+02 5.646007103016304624e-02 1.618190711532971685e-03 9.951210516475067491e-01 6.000000000000000000e+00 4.000000000000000000e+00 6.000000000000000000e+00 9.000000000000000000e+00 1.000000000000000000e+00
2.248858383839816710e+01 4.494248453362422069e+00 5.251747443339273786e+02 5.413527621471449225e-02 8.713009897653195990e-04 9.975828077569507402e-01 6.000000000000000000e+00 4.000000000000000000e+00 6.000000000000000000e+00 1.000000000000000000e+01 2.000000000000000000e+00
1.811196297687707712e+01 6.240716718412032016e+00 5.521153230543195605e+02 2.498916780975677168e-02 -1.155263032852086653e-04 9.996710337282453951e-01 7.000000000000000000e+00 4.000000000000000000e+00 6.000000000000000000e+00 9.000000000000000000e+00 1.000000000000000000e+00
2.449087643997777164e+01 3.790375329631703316e+00 5.315048278282355341e+02 8.657894134221269522e-02 1.785144477617076975e-03 9.922384969860548187e-01 8.000000000000000000e+00 4.000000000000000000e+00 6.000000000000000000e+00 9.000000000000000000e+00 1.000000000000000000e+00
2.511580707950584923e+01 3.753889422585897861e+00 5.342003594980751586e+02 1.101587021036641717e-01 -7.041489177119119236e-04 9.932902375967705977e-01 8.000000000000000000e+00 4.000000000000000000e+00 6.000000000000000000e+00 1.000000000000000000e+01 2.000000000000000000e+00
2.545766380758792380e+01 1.410870858062199140e+00 5.302144581433639132e+02 -4.416126239458995073e-02 3.354062631422160862e-04 9.988836466277384307e-01 9.000000000000000000e+00 4.000000000000000000e+00 6.000000000000000000e+00 9.000000000000000000e+00 1.000000000000000000e+00
2.454857911414746496e+01 1.430357440281778914e+00 5.335882274189184500e+02 -8.940198350568426267e-02 1.432057416551531150e-03 9.934184990398047255e-01 9.000000000000000000e+00 4.000000000000000000e+00 6.000000000000000000e+00 1.000000000000000000e+01 2.000000000000000000e+00
4.467051069417548348e+01 1.297135711372555678e+00 5.185647963849902453e+02 -6.901037912464528905e-03 2.830863342209090252e-04 9.998760078100554782e-01 1.000000000000000000e+01 4.000000000000000000e+00 6.000000000000000000e+00 9.000000000000000000e+00 1.000000000000000000e+00
4.378200380623722765e+01 1.296287126758259189e+00 5.140573008341441437e+02 -7.823361868443520772e-02 3.153949163150809236e-04 9.968103209861165492e-01 1.000000000000000000e+01 4.000000000000000000e+00 6.000000000000000000e+00 1.000000000000000000e+01 2.000000000000000000e+00
8.944143255885498078e+00 4.167685571907640885e+00 5.454941191525952036e+02 1.057313858239910739e-02 2.807879630965046266e-04 9.998455400910520874e-01 1.100000000000000000e+01 4.000000000000000000e+00 6.000000000000000000e+00 9.000000000000000000e+00 1.000000000000000000e+00
9.304806832845789799e+00 4.185096140535229381e+00 5.445803701494985489e+02 3.629274561860876269e-02 1.508545206238171314e-03 9.964906246509809273e-01 1.100000000000000000e+01 4.000000000000000000e+00 6.000000000000000000e+00 1.000000000000000000e+01 2.000000000000000000e+00
3.668927899618525501e+00 3.507122948241565563e+00 5.317019806965752196e+02 2.317304465419303336e-02 1.199984084381912558e-03 9.979294090738732859e-01 1.200000000000000000e+01 4.000000000000000000e+00 6.000000000000000000e+00 9.000000000000000000e+00 1.000000000000000000e+00
2.613617279436194263e+00 3.512100469758083321e+00 5.328794565849101446e+02 -4.948488952453473921e-02 1.436782060765930428e-03 9.961879285473186352e-01 1.200000000000000000e+01 4.000000000000000000e+00 6.000000000000000000e+00 1.000000000000000000e+01 2.000000000000000000e+00
4.963653567259751043e+01 5.037913549003735447e+00 5.264395161206183502e+02 -1.636465929775242356e-02 -1.197360626639308112e-03 9.980721500725804329e-01 1.300000000000000000e+01 4.000000000000000000e+00 6.000000000000000000e+00 9.000000000000000000e+00 1.000000000000000000e+00
3.145394772628911895e+01 4.748302264219113944e+00 5.172537083784569631e+02 -1.524716233249235123e-02 3.307644813581578618e-04 9.997469735815588399e-01 1.400000000000000000e+01 4.000000000000000000e+00 6.000000000000000000e+00 9.000000000000000000e+00 1.000000000000000000e+00
2.977180597863551714e+00 9.599622856407782345e-01 5.197566182684096248e+02 -1.927424435014001292e-01 6.476910564846494666e-04 9.807148368468197042e-01 1.500000000000000000e+01 4.000000000000000000e+00 6.000000000000000000e+00 9.000000000000000000e+00 1.000000000000000000e+00
2.963820525577558040e+00 9.736308730681351165e-01 5.214437039877909683e+02 -1.728833167483245226e-01 1.444463505466448642e-03 9.822907775926318363e-01 1.500000000000000000e+01 4.000000000000000000e+00 6.000000000000000000e+00 1.000000000000000000e+01 2.000000000000000000e+00
2.339592782918079550e+01 4.505663411080894853e+00 5.449389457713099318e+02 -2.537428445356868997e-02 -9.818737094234641970e-05 9.996659661051474632e-01 1.600000000000000000e+01 4.000000000000000000e+00 6.000000000000000000e+00 9.000000000000000000e+00 1.000000000000000000e+00
2.401218047148121926e+01 4.529307898152562295e+00 5.461368259972473425e+02 2.210146540854330405e-02 1.643611160003355083e-03 9.963723606732455274e-01 1.600000000000000000e+01 4.000000000000000000e+00 6.000000000000000000e+00 1.000000000000000000e+01 2.000000000000000000e+00
4.470252915999541443e+01 5.416793889797650863e+00 5.215894853527539681e+02 -5.767879579736796131e-02 -5.068005469625733910e-04 9.980135467664562610e-01 1.700000000000000000e+01 4.000000000000000000e+00 6.000000000000000000e+00 9.000000000000000000e+00 1.000000000000000000e+00
4.483678879697610853e+01 5.433850289310796278e+00 5.247879658270173877e+02 -3.920965747590365175e-02 5.766777593241862593e-04 9.988149026047691281e-01 1.700000000000000000e+01 4.000000000000000000e+00 6.000000000000000000e+00 1.000000000000000000e+01 2.000000000000000000e+00
2.260464874729715135e+01 5.753752379602139477e+00 5.472570430785574445e+02 -2.382467001228679229e-02 4.717650394287794895e-04 9.994378317172797344e-01 1.800000000000000000e+01 4.000000000000000000e+00 6.000000000000000000e+00 9.000000000000000000e+00 1.000000000000000000e+00
2.304306170140769083e+01 5.770457224389617501e+00 5.500512996589432078e+02 8.889989299268069578e-03 1.465843603105976929e-03 9.972708881835176120e-01 1.800000000000000000e+01 4.000000000000000000e+00 6.000000000000000000e+00 1.000000000000000000e+01 2.000000000000000000e+00
1.485657165102638899e+01 3.229823770463543298e+00 5.196885163511260544e+02 -1.521591072573080516e-01 9.463894398627119633e-04 9.872226059247983798e-01 1.900000000000000000e+01 4.000000000000000000e+00 6.000000000000000000e+00 8.000000000000000000e+00 1.000000000000000000e+00
1.517022024470790065e+01 3.213584110209513067e+00 5.206017159801574508e+02 -1.232554551509860707e-01 -1.670783885198403522e-04 9.923398131717517945e-01 1.900000000000000000e+01 4.000000000000000000e+00 6.000000000000000000e+00 9.000000000000000000e+00 2.000000000000000000e+00
2.687656066148428380e+01 6.186245672803211804e+00 5.470776568799664119e+02 1.008768367218509238e-02 -3.989384614072858135e-05 9.999471285226684270e-01 0.000000000000000000e+00 5.000000000000000000e+00 9.000000000000000000e+00 1.200000000000000000e+01 1.000000000000000000e+00
1.372794079938746581e+00 5.426505619900108712e+00 5.518215163621522379e+02 -6.840900913585735987e-02 7.292085643866942418e-04 9.969908949650005958e-01 1.000000000000000000e+00 5.000000000000000000e+00 9.000000000000000000e+00 1.300000000000000000e+01 1.000000000000000000e+00
-8.398397434515623150e-01 5.414571849421855987e+00 5.521790289251882768e+02 -1.413017057901968243e-01 1.092414981862491153e-03 9.884585988847923721e-01 1.000000000000000000e+00 5.000000000000000000e+00 1.000000000000000000e+01 1.400000000000000000e+01 1.000000000000000000e+00
-2.264154848352508242e+00 1.471508294693375962e+00 5.516656243104893065e+02 -9.753148192171325059e-02 1.372968943384116937e-03 9.928620250243289647e-01 2.000000000000000000e+00 5.000000000000000000e+00 9.000000000000000000e+00 1.200000000000000000e+01 1.000000000000000000e+00
6.802891955557702985e+00 4.059110941898285141e+00 5.255868859879234378e+02 -1.767587628971061253e-01 3.035786435035833591e-04 9.841371549520453454e-01 3.000000000000000000e+00 5.000000000000000000e+00 9.000000000000000000e+00 1.300000000000000000e+01 1.000000000000000000e+00
6.100643435466979625e+00 4.110321620280451782e+00 5.271771626971216165e+02 -1.936247266409863999e-01 2.121921036351159633e-03 9.753220457991961245e-01 3.000000000000000000e+00 5.000000000000000000e+00 1.000000000000000000e+01 1.400000000000000000e+01 1.000000000000000000e+00
1.699561757285104235e+01 1.245386466390570046e+00 5.389866288826465279e+02 4.923788103117256870e-02 3.355460945169317592e-04 9.986461601176346292e-01 4.000000000000000000e+00 5.000000000000000000e+00 9.000000000000000000e+00 1.300000000000000000e+01 1.000000000000000000e+00
1.547906857574086636e+01 1.241578863599158700e+00 5.350404338227162953e+02 -2.121642733895005850e-02 4.140320081564760195e-05 9.997727630058625969e-01 4.000000000000000000e+00 5.000000000000000000e+00 1.000000000000000000e+01 1.400000000000000000e+01 1.000000000000000000e+00
2.826375910567472260e+01 4.790487909384472331e+00 5.651359196604934141e+02 -1.036107276867763993e-01 1.692534403602526279e-03 9.910111681206076328e-01 5.000000000000000000e+00 5.000000000000000000e+00 9.000000000000000000e+00 1.300000000000000000e+01 1.000000000000000000e+00
2.832316259624723997e+01 4.785764562067067907e+00 5.575730721854773719e+02 -9.240166118947687468e-02 1.375592579336166413e-03 9.933434932834730446e-01 5.000000000000000000e+00 5.000000000000000000e+00 1.000000000000000000e+01 1.400000000000000000e+01 1.000000000000000000e+00
2.246119883306552012e+01 4.493089113871378437e+00 5.473633164730443923e+02 -2.095364285844718982e-02 -1.115743661877493121e-03 9.982227882859673329e-01 6.000000000000000000e+00 5.000000000000000000e+00 9.000000000000000000e+00 1.300000000000000000e+01 1.000000000000000000e+00
2.309388164595938875e+01 4.494519374718749738e+00 5.416745545641277886e+02 3.666046466646262492e-02 1.640862181717637233e-05 9.993274424447995408e-01 6.000000000000000000e+00 5.000000000000000000e+00 1.000000000000000000e+01 1.400000000000000000e+01 1.000000000000000000e+00
1.888416195149157772e+01 6.248312173290391236e+00 5.639093187210107772e+02 6.530031782039517896e-02 6.423028699240949761e-04 9.973487284048512258e-01 7.000000000000000000e+00 5.000000000000000000e+00 9.000000000000000000e+00 1.200000000000000000e+01 1.000000000000000000e+00
2.695674980929150877e+01 3.800788331382214391e+00 5.460389012365228609e+02 1.671669459857291484e-01 7.059201509854558720e-04 9.852966071294907424e-01 8.000000000000000000e+00 5.000000000000000000e+00 9.000000000000000000e+00 1.300000000000000000e+01 1.000000000000000000e+00
2.802691219638891340e+01 3.744979128497898824e+00 5.502920912894031744e+02 1.779512986250150197e-01 -5.446723290390550684e-04 9.836623737099120524e-01 8.000000000000000000e+00 5.000000000000000000e+00 1.000000000000000000e+01 1.400000000000000000e+01 1.000000000000000000e+00
2.572775644042976850e+01 1.404891198691020859e+00 5.420804581484879918e+02 2.274878328751127332e-02 -5.036419310545356453e-04 9.994240115547289305e-01 9.000000000000000000e+00 5.000000000000000000e+00 9.000000000000000000e+00 1.300000000000000000e+01 1.000000000000000000e+00
2.356419769846374024e+01 1.461185566304583849e+00 5.507396402181306030e+02 -5.707005812794715971e-02 1.787277691417160815e-03 9.943626625128676455e-01 9.000000000000000000e+00 5.000000000000000000e+00 1.000000000000000000e+01 1.400000000000000000e+01 1.000000000000000000e+00
4.468720010678472221e+01 1.321104506157389613e+00 5.343435083725211143e+02 1.054678689031630879e-03 1.514695433160022971e-03 9.971274402075058774e-01 1.000000000000000000e+01 5.000000000000000000e+00 9.000000000000000000e+00 1.300000000000000000e+01 1.000000000000000000e+00
4.327743106947335150e+01 1.306554449909007376e+00 5.259776871205717725e+02 -4.225159269628747660e-02 8.597586120662356569e-04 9.981817673836124172e-01 1.000000000000000000e+01 5.000000000000000000e+00 1.000000000000000000e+01 1.400000000000000000e+01 1.000000000000000000e+00
8.452875030160408087e+00 4.149407240671035169e+00 5.609831678403602382e+02 -3.164620757292536252e-02 -1.177442045120184397e-03 9.977637962575156561e-01 1.100000000000000000e+01 5.000000000000000000e+00 9.000000000000000000e+00 1.300000000000000000e+01 1.000000000000000000e+00
8.582559893647596638e+00 4.164307976554084689e+00 5.595745101402119417e+02 -4.799791018090811962e-02 -1.381505927461146831e-03 9.964561224907196868e-01 1.100000000000000000e+01 5.000000000000000000e+00 1.000000000000000000e+01 1.400000000000000000e+01 1.000000000000000000e+00
4.966247435570352309e+00 3.523266897925840802e+00 5.470722810716252980e+02 8.399032620082629019e-02 1.045182441623498373e-03 9.950952764755662816e-01 1.200000000000000000e+01 5.000000000000000000e+00 9.000000000000000000e+00 1.300000000000000000e+01 1.000000000000000000e+00
8.551097767716298037e-01 3.525692243086693267e+00 5.467122573707567881e+02 -1.259614566611877706e-01 9.735753555138266721e-04 9.908400925495658429e-01 1.200000000000000000e+01 5.000000000000000000e+00 1.000000000000000000e+01 1.400000000000000000e+01 1.000000000000000000e+00
4.939392888850106544e+01 5.063062286526220035e+00 5.422993104166129115e+02 -1.524734327173606074e-02 1.580547037397266345e-03 9.967558357890816678e-01 1.300000000000000000e+01 5.000000000000000000e+00 9.000000000000000000e+00 1.200000000000000000e+01 1.000000000000000000e+00
3.139344857530709021e+01 4.739463725222521795e+00 5.341963257129651765e+02 -3.569589887820471402e-03 -5.214942509642037961e-04 9.996536237085128507e-01 1.400000000000000000e+01 5.000000000000000000e+00 9.000000000000000000e+00 1.200000000000000000e+01 1.000000000000000000e+00
2.271964080861494928e-01 9.570610091871087910e-01 5.320581819740732499e+02 -2.181483593624010953e-01 -2.301499407805632561e-04 9.758477703102003131e-01 1.500000000000000000e+01 5.000000000000000000e+00 9.000000000000000000e+00 1.300000000000000000e+01 1.000000000000000000e+00
-1.294061551913845420e-01 9.714291948586417647e-01 5.386805537567902320e+02 -1.766292133523846009e-01 -1.257200749675495386e-04 9.842573886679202300e-01 1.500000000000000000e+01 5.000000000000000000e+00 1.000000000000000000e+01 1.400000000000000000e+01 1.000000000000000000e+00
2.262358391431068938e+01 4.515446787596069989e+00 5.571265244333338842e+02 -6.319385645275645003e-02 8.004844463974286400e-04 9.971983745144783473e-01 1.600000000000000000e+01 5.000000000000000000e+00 9.000000000000000000e+00 1.300000000000000000e+01 1.000000000000000000e+00
2.571947780254717131e+01 4.535825889210719275e+00 5.608155338737408329e+02 1.155042094753961218e-01 4.409632644772560673e-04 9.930622619412730057e-01 1.600000000000000000e+01 5.000000000000000000e+00 1.000000000000000000e+01 1.400000000000000000e+01 1.000000000000000000e+00
4.441543548922282980e+01 5.401050721510187280e+00 5.351176365527662711e+02 -2.118135664827060921e-02 -1.161508233090450485e-03 9.980874694593137031e-01 1.700000000000000000e+01 5.000000000000000000e+00 9.000000000000000000e+00 1.300000000000000000e+01 1.000000000000000000e+00
4.424257297751641715e+01 5.445915711502708589e+00 5.387681653888377014e+02 -4.242634830864129569e-02 8.614577189653813052e-04 9.981706925497669802e-01 1.700000000000000000e+01 5.000000000000000000e+00 1.000000000000000000e+01 1.400000000000000000e+01 1.000000000000000000e+00
2.164169708464736530e+01 5.785628629663953859e+00 5.616507160172045587e+02 -6.634811132857444671e-02 2.196298183876687488e-03 9.917351530735820653e-01 1.800000000000000000e+01 5.000000000000000000e+00 9.000000000000000000e+00 1.300000000000000000e+01 1.000000000000000000e+00
2.196762022722542085e+01 5.761328004359882904e+00 5.633812654426833433e+02 -8.037039049655168854e-02 -6.822491007952169060e-04 9.961811786731328278e-01 1.800000000000000000e+01 5.000000000000000000e+00 1.000000000000000000e+01 1.400000000000000000e+01 1.000000000000000000e+00
1.242741424302858277e+01 3.247442668922446263e+00 5.340154392627148354e+02 -1.668597782914077177e-01 1.210249068632632827e-03 9.841219728103965947e-01 1.900000000000000000e+01 5.000000000000000000e+00 8.000000000000000000e+00 1.100000000000000000e+01 1.000000000000000000e+00
1.275711761362574137e+01 3.227456713210416162e+00 5.353723420315196790e+02 -1.610613151395812459e-01 9.259198738400714656e-04 9.858579683370107816e-01 1.900000000000000000e+01 5.000000000000000000e+00 9.000000000000000000e+00 1.200000000000000000e+01 1.000000000000000000e+00
2.676981024032246026e+01 6.207428481805669307e+00 5.628148427954346289e+02 -6.767857743859438842e-03 1.342966485599668457e-03 9.977200502385169534e-01 0.000000000000000000e+00 6.000000000000000000e+00 1.200000000000000000e+01 1.500000000000000000e+01 1.000000000000000000e+00
-6.868387786902654391e-01 5.440387418494609051e+00 5.670009399001899055e+02 -1.343159882176633291e-01 9.052814867694256246e-04 9.899042271267426418e-01 1.000000000000000000e+00 6.000000000000000000e+00 1.300000000000000000e+01 1.700000000000000000e+01 1.000000000000000000e+00
-2.553244581698207227e+00 5.421837968173656819e+00 5.654909233592777582e+02 -1.276124665937212466e-01 5.411723579752561290e-04 9.914549357218789272e-01 1.000000000000000000e+00 6.000000000000000000e+00 1.400000000000000000e+01 1.800000000000000000e+01 1.000000000000000000e+00
-2.735029535887861130e+00 1.473308218043537954e+00 5.642260695245910256e+02 -3.746141818732891260e-02 1.431966574344554024e-04 9.992724247874765764e-01 2.000000000000000000e+00 6.000000000000000000e+00 1.200000000000000000e+01 1.500000000000000000e+01 1.000000000000000000e+00
3.221487595212416011e+00 4.041340645880620031e+00 5.394960804899983486e+02 -2.488757571553783521e-01 -1.234877559551873262e-03 9.665653371772779945e-01 3.000000000000000000e+00 6.000000000000000000e+00 1.300000000000000000e+01 1.700000000000000000e+01 1.000000000000000000e+00
3.535821537075139798e+00 4.120413247753311303e+00 5.399378193192538902e+02 -1.969056489192399229e-01 7.747510489677761868e-04 9.796568620971332075e-01 3.000000000000000000e+00 6.000000000000000000e+00 1.400000000000000000e+01 1.800000000000000000e+01 1.000000000000000000e+00
1.804752461727492019e+01 1.276145111577686286e+00 5.528978870658816049e+02 7.494625373293914428e-02 2.191491385950001397e-03 9.911490668989528796e-01 4.000000000000000000e+00 6.000000000000000000e+00 1.300000000000000000e+01 1.700000000000000000e+01 1.000000000000000000e+00
1.421611649818152046e+01 1.255170192114437588e+00 5.485412835619496263e+02 -9.302273263186068564e-02 1.001069273374037213e-03 9.944050593135913552e-01 4.000000000000000000e+00 6.000000000000000000e+00 1.400000000000000000e+01 1.800000000000000000e+01 1.000000000000000000e+00
2.577647679436992334e+01 4.800688318558815837e+00 5.807219326274976083e+02 -1.575079750560048897e-01 6.459442848490782110e-04 9.869894263597427386e-01 5.000000000000000000e+00 6.000000000000000000e+00 1.300000000000000000e+01 1.700000000000000000e+01 1.000000000000000000e+00
2.557067339854105015e+01 4.789884552831292552e+00 5.724474348231157137e+02 -1.819431255609682274e-01 2.723367625021335661e-04 9.832147683901927282e-01 5.000000000000000000e+00 6.000000000000000000e+00 1.400000000000000000e+01 1.800000000000000000e+01 1.000000000000000000e+00
2.124323614877507893e+01 4.504026356545278276e+00 5.599830882790226951e+02 -9.597664748036537075e-02 8.618653905079505908e-04 9.944503271959042046e-01 6.000000000000000000e+00 6.000000000000000000e+00 1.300000000000000000e+01 1.700000000000000000e+01 1.000000000000000000e+00
2.308673860470051054e+01 4.496309319357159495e+00 5.551573004897145438e+02 -5.297795370018215612e-04 1.327552239204478563e-04 9.999778294842074366e-01 6.000000000000000000e+00 6.000000000000000000e+00 1.400000000000000000e+01 1.800000000000000000e+01 1.000000000000000000e+00
1.981739311167272888e+01 6.251858641680563267e+00 5.763837907674591179e+02 7.459530647908976797e-02 2.834773502761654099e-04 9.971131539253665910e-01 7.000000000000000000e+00 6.000000000000000000e+00 1.200000000000000000e+01 1.500000000000000000e+01 1.000000000000000000e+00
2.945034436548261780e+01 3.805329565693968075e+00 5.581219917000657915e+02 2.020774002851129791e-01 3.680152499235593523e-04 9.791966790352024663e-01 8.000000000000000000e+00 6.000000000000000000e+00 1.300000000000000000e+01 1.700000000000000000e+01 1.000000000000000000e+00
3.026105498163975582e+01 3.730953376125742960e+00 5.636396391069636138e+02 1.648644470826785002e-01 -1.035004532843423206e-03 9.849576783449157658e-01 8.000000000000000000e+00 6.000000000000000000e+00 1.400000000000000000e+01 1.800000000000000000e+01 1.000000000000000000e+00
2.620368745711105873e+01 1.430328725672391110e+00 5.566347789209379471e+02 3.255890281559081778e-02 1.740205911837063198e-03 9.956752112553888256e-01 9.000000000000000000e+00 6.000000000000000000e+00 1.300000000000000000e+01 1.700000000000000000e+01 1.000000000000000000e+00
2.233509134756359060e+01 1.462309495126596692e+00 5.656969179605574709e+02 -8.189784432039641515e-02 7.488965265292373723e-05 9.966336949679587276e-01 9.000000000000000000e+00 6.000000000000000000e+00 1.400000000000000000e+01 1.800000000000000000e+01 1.000000000000000000e+00
4.541861756120437832e+01 1.339062778355089911e+00 5.497908605750441211e+02 4.721654060556593202e-02 1.159293483228821149e-03 9.972014314282752201e-01 1.000000000000000000e+01 6.000000000000000000e+00 1.300000000000000000e+01 1.700000000000000000e+01 1.000000000000000000e+00
4.240385652546871142e+01 1.321827949579347461e+00 5.393665453240804482e+02 -6.500273823832940223e-02 1.136502096893819962e-03 9.962658036291865971e-01 1.000000000000000000e+01 6.000000000000000000e+00 1.400000000000000000e+01 1.800000000000000000e+01 1.000000000000000000e+00
6.994391253136459596e+00 4.143903877274437875e+00 5.726438896550146183e+02 -1.240755915070611282e-01 -4.681800918652938076e-04 9.919966058894182925e-01 1.100000000000000000e+01 6.000000000000000000e+00 1.300000000000000000e+01 1.700000000000000000e+01 1.000000000000000000e+00
6.134566559305737243e+00 4.180595915012748520e+00 5.764069848405364382e+02 -1.437540632599281498e-01 9.564802741548437959e-04 9.884571983698344777e-01 1.100000000000000000e+01 6.000000000000000000e+00 1.400000000000000000e+01 1.800000000000000000e+01 1.000000000000000000e+00
7.444666024539371207e+00 3.551416722852683172e+00 5.619182235029154526e+02 1.639484185129846672e-01 1.862122604597241105e-03 9.820652547467053628e-01 1.200000000000000000e+01 6.000000000000000000e+00 1.300000000000000000e+01 1.700000000000000000e+01 1.000000000000000000e+00
-1.063489907902450460e+00 3.518204170403024023e+00 5.599947647918115763e+02 -1.429062761316263197e-01 -5.577466686636704633e-04 9.893432634208300103e-01 1.200000000000000000e+01 6.000000000000000000e+00 1.400000000000000000e+01 1.800000000000000000e+01 1.000000000000000000e+00
4.903231969995537298e+01 5.076316637210382510e+00 5.544253628194501289e+02 -2.976322210776250962e-02 1.090935174776576800e-03 9.980675336473240344e-01 1.300000000000000000e+01 6.000000000000000000e+00 1.200000000000000000e+01 1.500000000000000000e+01 1.000000000000000000e+00
3.283334123342998367e+01 4.739377723330712833e+00 5.511074832665275380e+02 8.483756942652409538e-02 -5.067177352423305945e-06 9.963947624426194860e-01 1.400000000000000000e+01 6.000000000000000000e+00 1.200000000000000000e+01 1.500000000000000000e+01 1.000000000000000000e+00
-4.206377703506225529e+00 9.765601249492033009e-01 5.462895419745673280e+02 -2.968017780056288468e-01 1.305351412215057611e-03 9.527060663180789701e-01 1.500000000000000000e+01 6.000000000000000000e+00 1.300000000000000000e+01 1.700000000000000000e+01 1.000000000000000000e+00
-3.389294848442989228e+00 9.800618822088960069e-01 5.530636867594508885e+02 -2.209458398490980469e-01 5.850986141658997110e-04 9.748472110452126582e-01 1.500000000000000000e+01 6.000000000000000000e+00 1.400000000000000000e+01 1.800000000000000000e+01 1.000000000000000000e+00
1.997028841746526950e+01 4.544067300942540300e+00 5.743417433537426859e+02 -1.518149134382802135e-01 1.637593988841233410e-03 9.850116480920443340e-01 1.600000000000000000e+01 6.000000000000000000e+00 1.300000000000000000e+01 1.700000000000000000e+01 1.000000000000000000e+00
2.852462610482725935e+01 4.563935312451366855e+00 5.777832777152859762e+02 1.625664822209925975e-01 1.629022625926307465e-03 9.833299812722289257e-01 1.600000000000000000e+01 6.000000000000000000e+00 1.400000000000000000e+01 1.800000000000000000e+01 1.000000000000000000e+00
4.424381499455139988e+01 5.399842218273219530e+00 5.496373019598378278e+02 -1.181893775218143504e-02 -8.322563431818076195e-05 9.999214951409388652e-01 1.700000000000000000e+01 6.000000000000000000e+00 1.300000000000000000e+01 1.700000000000000000e+01 1.000000000000000000e+00
4.474247506717592415e+01 5.436944002677312149e+00 5.511020013300186520e+02 4.047098505753182057e-02 -7.263300180650852011e-04 9.985205111216378659e-01 1.700000000000000000e+01 6.000000000000000000e+00 1.400000000000000000e+01 1.800000000000000000e+01 1.000000000000000000e+00
1.958383029475808002e+01 5.787806676539450024e+00 5.783831334988165054e+02 -1.220645576758105644e-01 1.291931672938457631e-04 9.925011418498318472e-01 1.800000000000000000e+01 6.000000000000000000e+00 1.300000000000000000e+01 1.700000000000000000e+01 1.000000000000000000e+00
1.937217853906484777e+01 5.781303816847852772e+00 5.764373067593794531e+02 -1.944305914810365299e-01 1.496434712853412195e-03 9.780585120389028164e-01 1.800000000000000000e+01 6.000000000000000000e+00 1.400000000000000000e+01 1.800000000000000000e+01 1.000000000000000000e+00
1.038333925333549423e+01 3.239101459569547536e+00 5.477232577404449785e+02 -1.474199783540793285e-01 -6.015732830016115064e-04 9.886165201659486979e-01 1.900000000000000000e+01 6.000000000000000000e+00 1.100000000000000000e+01 1.400000000000000000e+01 1.000000000000000000e+00
1.038703182036433503e+01 3.242869807997709852e+00 5.506338223920972723e+02 -1.532683511324799963e-01 9.967316924196080279e-04 9.869271135065885714e-01 1.900000000000000000e+01 6.000000000000000000e+00 1.200000000000000000e+01 1.500000000000000000e+01 1.000000000000000000e+00
2.626629838135143657e+01 6.230822829648309913e+00 5.767877123034228362e+02 -3.588622906154561448e-02 1.667358792982836591e-03 9.958724643258288767e-01 0.000000000000000000e+00 7.000000000000000000e+00 1.500000000000000000e+01 1.800000000000000000e+01 1.000000000000000000e+00
-4.198504466581514549e+00 5.454055394834300685e+00 5.820476219697200122e+02 -2.270550894132208619e-01 8.837354878647710101e-04 9.728789828854743638e-01 1.000000000000000000e+00 7.000000000000000000e+00 1.700000000000000000e+01 2.100000000000000000e+01 1.000000000000000000e+00
-4.369716432731419964e+00 5.426270815320139107e+00 5.790825035252026964e+02 -1.324517365307479322e-01 3.232300583094597796e-04 9.910576891954889778e-01 1.000000000000000000e+00 7.000000000000000000e+00 1.800000000000000000e+01 2.200000000000000000e+01 1.000000000000000000e+00
-4.473223869262528574e+00 1.487332932714355627e+00 5.796820350029929614e+02 -1.116431531230985263e-01 9.007987987522544059e-04 9.927271579699774584e-01 2.000000000000000000e+00 7.000000000000000000e+00 1.500000000000000000e+01 1.800000000000000000e+01 1.000000000000000000e+00
-1.036142779036365091e+00 4.059075173151783567e+00 5.563217953379073606e+02 -2.449916420256504079e-01 1.020476315414661815e-03 9.681816283950909208e-01 3.000000000000000000e+00 7.000000000000000000e+00 1.700000000000000000e+01 2.100000000000000000e+01 1.000000000000000000e+00
1.080722901106030420e-01 4.141699330177636362e+00 5.541619302537254725e+02 -2.336578103229725034e-01 1.450998614915188865e-03 9.696084442824635108e-01 3.000000000000000000e+00 7.000000000000000000e+00 1.800000000000000000e+01 2.200000000000000000e+01 1.000000000000000000e+00
1.944789050912612893e+01 1.288154646689052329e+00 5.660992841176498587e+02 1.053775367054206741e-01 9.037175458051464752e-04 9.934051596661894745e-01 4.000000000000000000e+00 7.000000000000000000e+00 1.700000000000000000e+01 2.100000000000000000e+01 1.000000000000000000e+00
1.332010849680315445e+01 1.260801994932623016e+00 5.610853775541037294e+02 -7.122929848036685385e-02 4.477073455839606329e-04 9.972087456344184142e-01 4.000000000000000000e+00 7.000000000000000000e+00 1.800000000000000000e+01 2.200000000000000000e+01 1.000000000000000000e+00
2.336073794638915757e+01 4.813148291762699316e+00 5.949702620712301950e+02 -1.670047636111832989e-01 8.613823804901650375e-04 9.850149541593901104e-01 5.000000000000000000e+00 7.000000000000000000e+00 1.700000000000000000e+01 2.100000000000000000e+01 1.000000000000000000e+00
2.275828807129829201e+01 4.810243369011959480e+00 5.893607935643927931e+02 -1.637413454955969350e-01 1.185321201127227751e-03 9.847214356866044183e-01 5.000000000000000000e+00 7.000000000000000000e+00 1.800000000000000000e+01 2.200000000000000000e+01 1.000000000000000000e+00
1.993966524734737433e+01 4.527157400364281159e+00 5.754099698300817636e+02 -8.396592663883310770e-02 1.489922432495894211e-03 9.936800546587145622e-01 6.000000000000000000e+00 7.000000000000000000e+00 1.700000000000000000e+01 2.100000000000000000e+01 1.000000000000000000e+00
2.304734169161028845e+01 4.509209046093541673e+00 5.693685759794649357e+02 -2.769367814593901890e-03 9.067737860319461697e-04 9.989678342440865277e-01 6.000000000000000000e+00 7.000000000000000000e+00 1.800000000000000000e+01 2.200000000000000000e+01 1.000000000000000000e+00
2.047708000829799602e+01 6.226397810871791449e+00 5.913701224664255278e+02 4.381914177016808798e-02 -1.691214060038541758e-03 9.954543537110808193e-01 7.000000000000000000e+00 7.000000000000000000e+00 1.500000000000000000e+01 1.800000000000000000e+01 1.000000000000000000e+00
3.364929527206034265e+01 3.834791021269189581e+00 5.748369251807224600e+02 2.427544295702829813e-01 1.703258504706392593e-03 9.663423632902419236e-01 8.000000000000000000e+00 7.000000000000000000e+00 1.700000000000000000e+01 2.100000000000000000e+01 1.000000000000000000e+00
3.240141597343953350e+01 3.770503485869142857e+00 5.802946858421180423e+02 1.265882592715935340e-01 2.339128570179904807e-03 9.850363477786026056e-01 8.000000000000000000e+00 7.000000000000000000e+00 1.800000000000000000e+01 2.200000000000000000e+01 1.000000000000000000e+00
2.697450441347374905e+01 1.435440462777031190e+00 5.728938059476713534e+02 4.734952956392439460e-02 3.140023648432524721e-04 9.987549891426109605e-01 9.000000000000000000e+00 7.000000000000000000e+00 1.700000000000000000e+01 2.100000000000000000e+01 1.000000000000000000e+00
2.121467939209617271e+01 1.510365331541563938e+00 5.820905168739125202e+02 -6.746791395164962457e-02 2.893781184945449364e-03 9.871743294480220809e-01 9.000000000000000000e+00 7.000000000000000000e+00 1.800000000000000000e+01 2.200000000000000000e+01 1.000000000000000000e+00
4.686010209471210430e+01 1.348502444333820272e+00 5.654658893314867782e+02 9.153303580785987492e-02 5.994107213504323850e-04 9.953509282276388204e-01 1.000000000000000000e+01 7.000000000000000000e+00 1.700000000000000000e+01 2.100000000000000000e+01 1.000000000000000000e+00
4.015409933812719601e+01 1.345240615960682451e+00 5.545734230734453831e+02 -1.459279519793566238e-01 1.518636088653371827e-03 9.863769025614445018e-01 1.000000000000000000e+01 7.000000000000000000e+00 1.800000000000000000e+01 2.200000000000000000e+01 1.000000000000000000e+00
4.378479907127607262e+00 4.174328098560533995e+00 5.879827024303841654e+02 -1.673170554529030130e-01 1.945972338781201032e-03 9.810902007951747272e-01 1.100000000000000000e+01 7.000000000000000000e+00 1.700000000000000000e+01 2.100000000000000000e+01 1.000000000000000000e+00
2.907198910975926420e+00 4.199796797527027614e+00 5.920272428552253814e+02 -2.019749357115800392e-01 1.201628520207197572e-03 9.775460846389109060e-01 1.100000000000000000e+01 7.000000000000000000e+00 1.800000000000000000e+01 2.200000000000000000e+01 1.000000000000000000e+00
9.790313661760079000e+00 3.555461582956523259e+00 5.743072200361365276e+02 1.860042940031662040e-01 3.207478122535748627e-04 9.824180396932459258e-01 1.200000000000000000e+01 7.000000000000000000e+00 1.700000000000000000e+01 2.100000000000000000e+01 1.000000000000000000e+00
-3.343340987663759201e+00 3.521609662494292525e+00 5.726333128130735304e+02 -1.775078928097240660e-01 2.651496540574698108e-04 9.840300743080134804e-01 1.200000000000000000e+01 7.000000000000000000e+00 1.800000000000000000e+01 2.200000000000000000e+01 1.000000000000000000e+00
4.840428100013135548e+01 5.078760218262044823e+00 5.664030789623287774e+02 -5.235928057212567432e-02 2.037201623412257295e-04 9.985763621158916248e-01 1.300000000000000000e+01 7.000000000000000000e+00 1.500000000000000000e+01 1.800000000000000000e+01 1.000000000000000000e+00
3.456500060284047748e+01 4.759255953347369505e+00 5.665811702596406576e+02 1.109897838944055165e-01 1.274084553074114915e-03 9.917777166533425781e-01 1.400000000000000000e+01 7.000000000000000000e+00 1.500000000000000000e+01 1.800000000000000000e+01 1.000000000000000000e+00
-7.371519633698484952e+00 9.778917050078735906e-01 5.585900843092809964e+02 -2.491960440896482665e-01 1.048371574885892941e-04 9.684388749611896330e-01 1.500000000000000000e+01 7.000000000000000000e+00 1.700000000000000000e+01 2.100000000000000000e+01 1.000000000000000000e+00
-6.446584523812656009e+00 9.861732974358934367e-01 5.645389318815794013e+02 -2.573592461087198524e-01 5.144521397983791312e-04 9.659733774447376575e-01 1.500000000000000000e+01 7.000000000000000000e+00 1.800000000000000000e+01 2.200000000000000000e+01 1.000000000000000000e+00
1.729815879345672158e+01 4.534338747290234117e+00 5.873476084777223605e+02 -2.011170912720103843e-01 -7.322168787232421171e-04 9.788828130601577859e-01 1.600000000000000000e+01 7.000000000000000000e+00 1.700000000000000000e+01 2.100000000000000000e+01 1.000000000000000000e+00
3.044465756280037994e+01 4.586490755788338980e+00 5.894720221653821000e+02 1.613613469860034622e-01 1.895581816436699195e-03 9.823336702169223056e-01 1.600000000000000000e+01 7.000000000000000000e+00 1.800000000000000000e+01 2.200000000000000000e+01 1.000000000000000000e+00
4.444891621059514364e+01 5.404111247507167093e+00 5.668680857258727883e+02 1.190142934853991377e-02 2.477193982303735136e-04 9.998524609805252705e-01 1.700000000000000000e+01 7.000000000000000000e+00 1.700000000000000000e+01 2.100000000000000000e+01 1.000000000000000000e+00
4.611893152119302641e+01 5.441604870651201686e+00 5.634262533183911046e+02 1.109770830110596435e-01 3.757834332734689455e-04 9.936453361610214641e-01 1.700000000000000000e+01 7.000000000000000000e+00 1.800000000000000000e+01 2.200000000000000000e+01 1.000000000000000000e+00
1.693212241615515978e+01 5.803123405123995049e+00 5.946249705692673615e+02 -1.609564893071718517e-01 9.297128392355334626e-04 9.858661641629211658e-01 1.800000000000000000e+01 7.000000000000000000e+00 1.700000000000000000e+01 2.100000000000000000e+01 1.000000000000000000e+00
1.629142236733608229e+01 5.800968974761720354e+00 5.905024923093748157e+02 -2.134646338742983707e-01 1.362592655883076726e-03 9.745723181068943752e-01 1.800000000000000000e+01 7.000000000000000000e+00 1.800000000000000000e+01 2.200000000000000000e+01 1.000000000000000000e+00
8.257599786625666738e+00 3.246747538074321149e+00 5.614894392665669329e+02 -1.525513218575555163e-01 5.487122957430046579e-04 9.879146629343871222e-01 1.900000000000000000e+01 7.000000000000000000e+00 1.400000000000000000e+01 1.700000000000000000e+01 1.000000000000000000e+00
8.406803780759254607e+00 3.241870595868836968e+00 5.628426317621110684e+02 -1.601030276404689090e-01 -8.078710324671507575e-05 9.870920444164402729e-01 1.900000000000000000e+01 7.000000000000000000e+00 1.500000000000000000e+01 1.800000000000000000e+01 1.000000000000000000e+00
2.579895421780927833e+01 6.208234724810690608e+00 5.932495777047463434e+02 -2.831156951608375730e-02 -1.368380628742270040e-03 9.972548777362501005e-01 0.000000000000000000e+00 8.000000000000000000e+00 1.800000000000000000e+01 2.200000000000000000e+01 1.000000000000000000e+00
-7.684450477218851994e+00 5.477740693441056408e+00 5.940405124122132747e+02 -2.778694155944370636e-01 1.887986808159312175e-03 9.559693260809924986e-01 1.000000000000000000e+00 8.000000000000000000e+00 2.100000000000000000e+01 2.700000000000000000e+01 1.000000000000000000e+00
-7.092540696325046135e+00 5.464225089798008916e+00 5.939812069228033806e+02 -2.354786700537029875e-01 8.274762493619608255e-04 9.709984570490284295e-01 1.000000000000000000e+00 8.000000000000000000e+00 2.100000000000000000e+01 2.800000000000000000e+01 2.000000000000000000e+00
-7.410657185193476160e+00 5.436568381717285625e+00 5.939609199435935807e+02 -2.001313331075605106e-01 6.777066238978776214e-04 9.791829419666188139e-01 1.000000000000000000e+00 8.000000000000000000e+00 2.200000000000000000e+01 2.900000000000000000e+01 1.000000000000000000e+00
-7.398615002601127699e+00 5.440662372805211255e+00 5.937190678121258998e+02 -2.024124798648081203e-01 9.617459193411394183e-04 9.781190111441220303e-01 1.000000000000000000e+00 8.000000000000000000e+00 2.200000000000000000e+01 3.000000000000000000e+01 2.000000000000000000e+00
-6.429294596538215778e+00 1.509706558792115683e+00 5.936958295035091169e+02 -1.378115836022106300e-01 1.576295170570924916e-03 9.873176800114226159e-01 2.000000000000000000e+00 8.000000000000000000e+00 1.800000000000000000e+01 2.300000000000000000e+01 1.000000000000000000e+00
-6.965096950142994459e+00 1.482219211869398645e+00 5.959660873804414223e+02 -1.512463352807265071e-01 -3.103815934217328499e-04 9.883742733551459381e-01 2.000000000000000000e+00 8.000000000000000000e+00 1.800000000000000000e+01 2.400000000000000000e+01 2.000000000000000000e+00
-3.988242287544943032e+00 4.069142503880503803e+00 5.718243973310234196e+02 -1.869695050262333569e-01 6.376085351659546404e-04 9.818482787986920757e-01 3.000000000000000000e+00 8.000000000000000000e+00 2.100000000000000000e+01 2.600000000000000000e+01 1.000000000000000000e+00
-4.039646540306668143e+00 4.052052591939349746e+00 5.686636865073919580e+02 -2.363669898229066035e-01 -5.526566683132277859e-04 9.712708544167688585e-01 3.000000000000000000e+00 8.000000000000000000e+00 2.100000000000000000e+01 2.700000000000000000e+01 2.000000000000000000e+00
-3.108793116922681676e+00 4.147201520492083127e+00 5.674009984495244225e+02 -2.360644771721648327e-01 4.037693579103098450e-04 9.715276570337377793e-01 3.000000000000000000e+00 8.000000000000000000e+00 2.200000000000000000e+01 2.800000000000000000e+01 1.000000000000000000e+00
-2.095730213097951378e+00 4.133933026270005584e+00 5.674128513399842859e+02 -1.639911757995623776e-01 -5.779126339927389286e-04 9.860385067169314954e-01 3.000000000000000000e+00 8.000000000000000000e+00 2.200000000000000000e+01 2.900000000000000000e+01 2.000000000000000000e+00
2.027805279403430205e+01 1.319200158206097928e+00 5.818258582573042759e+02 5.245962040170972646e-02 1.961828161756668486e-03 9.937937733185162603e-01 4.000000000000000000e+00 8.000000000000000000e+00 2.100000000000000000e+01 2.700000000000000000e+01 1.000000000000000000e+00
2.111187958635815676e+01 1.299871229768616354e+00 5.819209639305598785e+02 1.045237400233274688e-01 7.359790400831469747e-04 9.938413479539536244e-01 4.000000000000000000e+00 8.000000000000000000e+00 2.100000000000000000e+01 2.800000000000000000e+01 2.000000000000000000e+00
1.297940476049624436e+01 1.279438097728698764e+00 5.764818137332163133e+02 -2.208293852917425637e-02 1.207911357034227801e-03 9.979302176053124196e-01 4.000000000000000000e+00 8.000000000000000000e+00 2.200000000000000000e+01 2.900000000000000000e+01 1.000000000000000000e+00
1.359035953751339676e+01 1.258721354031383077e+00 5.769128366032622353e+02 1.707196446638678533e-02 -1.314356734387734738e-04 9.998326658439540271e-01 4.000000000000000000e+00 8.000000000000000000e+00 2.200000000000000000e+01 3.000000000000000000e+01 2.000000000000000000e+00
1.984095020431599821e+01 4.822736795245764263e+00 6.113201452522089312e+02 -2.103710553201578182e-01 5.730867155884867897e-04 9.772015903202997400e-01 5.000000000000000000e+00 8.000000000000000000e+00 2.100000000000000000e+01 2.700000000000000000e+01 1.000000000000000000e+00
2.051540970818386000e+01 4.824410710277295067e+00 6.080050108191745721e+02 -2.130763163448181896e-01 8.434016919388541119e-04 9.761250777323620120e-01 5.000000000000000000e+00 8.000000000000000000e+00 2.100000000000000000e+01 2.800000000000000000e+01 2.000000000000000000e+00
2.051214348439551216e+01 4.811703669218972301e+00 6.029527717717943460e+02 -1.630415653505836171e-01 1.059992455612147942e-04 9.866049657121549465e-01 5.000000000000000000e+00 8.000000000000000000e+00 2.200000000000000000e+01 2.900000000000000000e+01 1.000000000000000000e+00
1.949672263973732456e+01 4.818746486710943522e+00 6.057339021419521714e+02 -1.953007803813201493e-01 5.091621054773518571e-04 9.804129181412859495e-01 5.000000000000000000e+00 8.000000000000000000e+00 2.200000000000000000e+01 3.000000000000000000e+01 2.000000000000000000e+00
1.910921770937764919e+01 4.524235162160061385e+00 5.924880524754182716e+02 -4.856734780039923677e-02 -1.709022577957558639e-04 9.987833567763010345e-01 6.000000000000000000e+00 8.000000000000000000e+00 2.100000000000000000e+01 2.700000000000000000e+01 1.000000000000000000e+00
1.927767561281758546e+01 4.529921056906824894e+00 5.878617234165476475e+02 -5.308613608868059663e-02 2.216225748369459608e-04 9.985284526446809306e-01 6.000000000000000000e+00 8.000000000000000000e+00 2.100000000000000000e+01 2.800000000000000000e+01 2.000000000000000000e+00
2.358767141730533723e+01 4.514863123423402236e+00 5.859584855612513365e+02 3.254779974100686923e-02 3.405842171939608455e-04 9.993250956067876167e-01 6.000000000000000000e+00 8.000000000000000000e+00 2.200000000000000000e+01 2.900000000000000000e+01 1.000000000000000000e+00
2.332983174524837011e+01 4.524022007891662867e+00 5.829985539550319800e+02 2.069068069799696874e-02 1.084959483738953982e-03 9.983131037048775802e-01 6.000000000000000000e+00 8.000000000000000000e+00 2.200000000000000000e+01 3.000000000000000000e+01 2.000000000000000000e+00
2.147870441104494432e+01 6.238752657328171303e+00 6.038041722330832499e+02 8.019658782216131099e-02 9.892096539891599271e-04 9.955511880123587565e-01 7.000000000000000000e+00 8.000000000000000000e+00 1.800000000000000000e+01 2.200000000000000000e+01 1.000000000000000000e+00
2.189362414451519001e+01 6.245703248172224775e+00 6.047809753313258625e+02 1.047742836308990649e-01 1.427921172110912726e-03 9.919299130005230225e-01 7.000000000000000000e+00 8.000000000000000000e+00 1.800000000000000000e+01 2.300000000000000000e+01 2.000000000000000000e+00
3.653602330176358493e+01 3.847288228269198473e+00 5.865758896787672256e+02 2.384773483369813374e-01 1.032414815775662461e-03 9.697751561318629365e-01 8.000000000000000000e+00 8.000000000000000000e+00 2.100000000000000000e+01 2.700000000000000000e+01 1.000000000000000000e+00
3.647853904879636389e+01 3.831235308457613620e+00 5.882029315686889959e+02 2.070685208903986496e-01 -2.602378058258012373e-04 9.782399083902219017e-01 8.000000000000000000e+00 8.000000000000000000e+00 2.100000000000000000e+01 2.800000000000000000e+01 2.000000000000000000e+00
3.412585562384259674e+01 3.774323173282309707e+00 5.958854294475189590e+02 1.099280587292814776e-01 2.434940661355953963e-04 9.938649800166032833e-01 8.000000000000000000e+00 8.000000000000000000e+00 2.200000000000000000e+01 2.900000000000000000e+01 1.000000000000000000e+00
3.485068876972953689e+01 3.779262020117068133e+00 5.954945256704314716e+02 1.590216133039492330e-01 5.686570513471246591e-04 9.868655933799151958e-01 8.000000000000000000e+00 8.000000000000000000e+00 2.200000000000000000e+01 3.000000000000000000e+01 2.000000000000000000e+00
2.729171892961394619e+01 1.439894030223995536e+00 5.897829785536127929e+02 1.877717951605076263e-02 2.636242390670728961e-04 9.997368019538256378e-01 9.000000000000000000e+00 8.000000000000000000e+00 2.100000000000000000e+01 2.700000000000000000e+01 1.000000000000000000e+00
2.773565092527509890e+01 1.434540986349320590e+00 5.854877203131771921e+02 6.032718155982073199e-02 -7.129097607615110120e-05 9.981722923207565490e-01 9.000000000000000000e+00 8.000000000000000000e+00 2.100000000000000000e+01 2.800000000000000000e+01 2.000000000000000000e+00
2.061366628387126454e+01 1.526964775298788046e+00 5.942602544977747812e+02 -4.921172094648946366e-02 1.359183656509823854e-03 9.964736604603136039e-01 9.000000000000000000e+00 8.000000000000000000e+00 2.200000000000000000e+01 2.900000000000000000e+01 1.000000000000000000e+00
2.036807969839791355e+01 1.489928678322560485e+00 5.960743473471304696e+02 -6.027057476380379836e-02 -1.454912923931302388e-03 9.955277639408580681e-01 9.000000000000000000e+00 8.000000000000000000e+00 2.200000000000000000e+01 3.000000000000000000e+01 2.000000000000000000e+00
4.934315049233639883e+01 1.351027736543756186e+00 5.790378950474912472e+02 1.799590111077795374e-01 1.830206327404025190e-04 9.836315432828942606e-01 1.000000000000000000e+01 8.000000000000000000e+00 2.100000000000000000e+01 2.700000000000000000e+01 1.000000000000000000e+00
4.899763496670974661e+01 1.358154149908603614e+00 5.797032762645817456e+02 1.483878668355455843e-01 6.700229130176427617e-04 9.883616312949804472e-01 1.000000000000000000e+01 8.000000000000000000e+00 2.100000000000000000e+01 2.800000000000000000e+01 2.000000000000000000e+00
3.806117196831883831e+01 1.350955934129437042e+00 5.689524496912971472e+02 -1.440085472233531838e-01 3.932552453919858806e-04 9.893810762828184613e-01 1.000000000000000000e+01 8.000000000000000000e+00 2.200000000000000000e+01 2.900000000000000000e+01 1.000000000000000000e+00
1.508576132834379191e+00 4.199734948221213848e+00 6.009407827738444894e+02 -2.152523569718783336e-01 1.905598480924089498e-03 9.718992534680744866e-01 1.100000000000000000e+01 8.000000000000000000e+00 2.100000000000000000e+01 2.700000000000000000e+01 1.000000000000000000e+00
4.573183604483124221e-01 4.214878875917030143e+00 6.037778542088919949e+02 -2.036992884798652370e-01 1.254023848705370465e-03 9.770236232251461317e-01 1.100000000000000000e+01 8.000000000000000000e+00 2.200000000000000000e+01 2.800000000000000000e+01 1.000000000000000000e+00
-1.014200118512622151e+00 4.223292604612244538e+00 6.067896516518482031e+02 -2.559748195572835727e-01 1.533721749244082401e-03 9.636369314956515497e-01 1.100000000000000000e+01 8.000000000000000000e+00 2.200000000000000000e+01 2.900000000000000000e+01 2.000000000000000000e+00
1.192437080011898942e+01 3.578967340920601536e+00 5.865642652034449611e+02 1.707679337345894555e-01 1.880938258981117335e-03 9.808126686441053232e-01 1.200000000000000000e+01 8.000000000000000000e+00 2.100000000000000000e+01 2.700000000000000000e+01 1.000000000000000000e+00
1.266554664998954216e+01 3.572558893691850646e+00 5.863517960413180390e+02 2.316405598769964158e-01 1.377429463050586266e-03 9.703604336563151911e-01 1.200000000000000000e+01 8.000000000000000000e+00 2.100000000000000000e+01 2.800000000000000000e+01 2.000000000000000000e+00
-6.468316839584396405e+00 3.554501723591909190e+00 5.876645401622056397e+02 -2.023887012897045423e-01 2.130250550319225285e-03 9.734957088104848610e-01 1.200000000000000000e+01 8.000000000000000000e+00 2.200000000000000000e+01 2.900000000000000000e+01 1.000000000000000000e+00
-5.701774652758016870e+00 3.530514094773950617e+00 5.891234638244030748e+02 -1.415295268514529525e-01 5.343546889076784216e-04 9.895734210736006897e-01 1.200000000000000000e+01 8.000000000000000000e+00 2.200000000000000000e+01 3.000000000000000000e+01 2.000000000000000000e+00
4.748983004220450965e+01 5.083101459175758841e+00 5.782617301165885237e+02 -7.687150885940753631e-02 3.649378203025520871e-04 9.968740251877166170e-01 1.300000000000000000e+01 8.000000000000000000e+00 1.800000000000000000e+01 2.300000000000000000e+01 1.000000000000000000e+00
4.748812116752487356e+01 5.105180947505983724e+00 5.819129689059080874e+02 -5.875461622744815315e-02 1.694398457483714494e-03 9.946710158339577834e-01 1.300000000000000000e+01 8.000000000000000000e+00 1.800000000000000000e+01 2.400000000000000000e+01 2.000000000000000000e+00
3.656820841669060940e+01 4.779722894499607300e+00 5.830918928215518235e+02 1.202170830971264065e-01 1.228267955142182477e-03 9.908462279827005004e-01 1.400000000000000000e+01 8.000000000000000000e+00 1.800000000000000000e+01 2.300000000000000000e+01 1.000000000000000000e+00
3.557397080497013775e+01 4.781596660485436523e+00 5.832319775634140342e+02 6.034977381533482982e-02 1.336270010562450950e-03 9.959386833272502182e-01 1.400000000000000000e+01 8.000000000000000000e+00 1.800000000000000000e+01 2.400000000000000000e+01 2.000000000000000000e+00
-1.004792336420694276e+01 9.767803295388466367e-01 5.725880055041136529e+02 -1.877967566711137848e-01 -7.798252040526071360e-05 9.822001705355627443e-01 1.500000000000000000e+01 8.000000000000000000e+00 2.100000000000000000e+01 2.600000000000000000e+01 1.000000000000000000e+00
-1.041421076859172956e+01 9.924651900475838229e-01 5.735986148853637587e+02 -1.984643149291638597e-01 9.505784834246689937e-04 9.789550127900784604e-01 1.500000000000000000e+01 8.000000000000000000e+00 2.100000000000000000e+01 2.700000000000000000e+01 2.000000000000000000e+00
-1.025297874663292141e+01 1.021703899157398565e+00 5.809387521957025911e+02 -2.248415548149153009e-01 2.098772556630675197e-03 9.687281143939440176e-01 1.500000000000000000e+01 8.000000000000000000e+00 2.200000000000000000e+01 2.800000000000000000e+01 1.000000000000000000e+00
-1.078839911105234606e+01 9.992913541215560080e-01 5.789121842520185055e+02 -2.888950672333037706e-01 8.728474678104805118e-04 9.563655072058522277e-01 1.500000000000000000e+01 8.000000000000000000e+00 2.200000000000000000e+01 2.900000000000000000e+01 2.000000000000000000e+00
1.340094868690341023e+01 4.554506189036828800e+00 6.009010896112440605e+02 -2.756419708134185687e-01 1.426403308343218495e-03 9.586109419002911691e-01 1.600000000000000000e+01 8.000000000000000000e+00 2.100000000000000000e+01 2.700000000000000000e+01 1.000000000000000000e+00
1.420696565829256208e+01 4.537509243530996272e+00 6.023938977646776038e+02 -2.012317163311242163e-01 2.063942213420055045e-04 9.794893056618441118e-01 1.600000000000000000e+01 8.000000000000000000e+00 2.100000000000000000e+01 2.800000000000000000e+01 2.000000000000000000e+00
3.219085104514808648e+01 4.592883585360922893e+00 6.023294763101166609e+02 1.345354974412294735e-01 4.925356298136409098e-04 9.906027062155903229e-01 1.600000000000000000e+01 8.000000000000000000e+00 2.200000000000000000e+01 2.900000000000000000e+01 1.000000000000000000e+00
3.241736302445378470e+01 4.607060916535592909e+00 6.055908963123267768e+02 1.212355285254820003e-01 1.264169618082403935e-03 9.906092239450128289e-01 1.600000000000000000e+01 8.000000000000000000e+00 2.200000000000000000e+01 3.000000000000000000e+01 2.000000000000000000e+00
4.502698222441062370e+01 5.412585485800440743e+00 5.786343428698805837e+02 4.903824048419180848e-02 7.188828358945351278e-04 9.981499234287678490e-01 1.700000000000000000e+01 8.000000000000000000e+00 2.100000000000000000e+01 2.700000000000000000e+01 1.000000000000000000e+00
4.802468032903257011e+01 5.460329290700923544e+00 5.791493335527635509e+02 1.201167726572602845e-01 1.180174898706195163e-03 9.910045050087127327e-01 1.700000000000000000e+01 8.000000000000000000e+00 2.200000000000000000e+01 2.800000000000000000e+01 1.000000000000000000e+00
4.858858701431282867e+01 5.475302552615760376e+00 5.800882435099499617e+02 1.458910429327613945e-01 1.990637957367693330e-03 9.842810599105870084e-01 1.700000000000000000e+01 8.000000000000000000e+00 2.200000000000000000e+01 2.900000000000000000e+01 2.000000000000000000e+00
1.447597256511572894e+01 5.818612508972236697e+00 6.087814663387584915e+02 -1.706982081469165524e-01 1.076466190194986594e-03 9.838522109996244991e-01 1.800000000000000000e+01 8.000000000000000000e+00 2.100000000000000000e+01 2.700000000000000000e+01 1.000000000000000000e+00
1.401658415598272711e+01 5.853313115786819232e+00 6.100385799962260762e+02 -1.835243331247364551e-01 3.159290792010920751e-03 9.702401884996870729e-01 1.800000000000000000e+01 8.000000000000000000e+00 2.100000000000000000e+01 2.800000000000000000e+01 2.000000000000000000e+00
1.193221358503816809e+01 5.803476535978217221e+00 6.057140743257524491e+02 -2.754744175905132764e-01 1.584620054199393743e-04 9.612757511428566826e-01 1.800000000000000000e+01 8.000000000000000000e+00 2.200000000000000000e+01 2.900000000000000000e+01 1.000000000000000000e+00
1.314664687295945633e+01 5.818366295353850859e+00 6.044940670664356048e+02 -2.188889371974428733e-01 1.210923012248108594e-03 9.738694968108375649e-01 1.800000000000000000e+01 8.000000000000000000e+00 2.200000000000000000e+01 3.000000000000000000e+01 2.000000000000000000e+00
5.678507515584556131e+00 3.276254110327933233e+00 5.775501917689064157e+02 -1.579041101738698494e-01 1.806530572132972927e-03 9.833145021914762030e-01 1.900000000000000000e+01 8.000000000000000000e+00 1.700000000000000000e+01 2.100000000000000000e+01 1.000000000000000000e+00
6.181844101279299508e+00 3.228596112367960291e+00 5.781376167556600194e+02 -1.235450107577798357e-01 -1.080338163104770273e-03 9.908677025467167443e-01 1.900000000000000000e+01 8.000000000000000000e+00 1.700000000000000000e+01 2.200000000000000000e+01 2.000000000000000000e+00
6.711938609714486859e+00 3.247698103097074629e+00 5.758518731446221182e+02 -1.291580023895413931e-01 4.440879459726129784e-04 9.913753956798341260e-01 1.900000000000000000e+01 8.000000000000000000e+00 1.800000000000000000e+01 2.300000000000000000e+01 1.000000000000000000e+00
6.333430558398396748e+00 3.259607026711760280e+00 5.769981322027430224e+02 -1.446472300451755455e-01 1.237367958960831167e-03 9.875472040239903215e-01 1.900000000000000000e+01 8.000000000000000000e+00 1.800000000000000000e+01 2.400000000000000000e+01 2.000000000000000000e+00
2.440725153032079930e+01 6.232199504405593338e+00 6.092639414433290312e+02 -8.633755868514843279e-02 1.486711625444541362e-03 9.934888259649469200e-01 0.000000000000000000e+00 9.000000000000000000e+00 2.200000000000000000e+01 2.600000000000000000e+01 1.000000000000000000e+00
-1.302890487605691305e+01 5.467297229169753692e+00 6.084690801556671431e+02 -3.471453928700602987e-01 -6.783481038165685732e-04 9.371977837330883743e-01 1.000000000000000000e+00 9.000000000000000000e+00 2.700000000000000000e+01 3.500000000000000000e+01 1.000000000000000000e+00
-1.027710587800205033e+01 5.459686787832050747e+00 6.072209904012638617e+02 -2.338277037900077793e-01 -3.332262545327765806e-04 9.721352815315970064e-01 1.000000000000000000e+00 9.000000000000000000e+00 2.800000000000000000e+01 3.600000000000000000e+01 1.000000000000000000e+00
-1.070484716397809777e+01 5.448506842706958508e+00 6.066950913380090924e+02 -2.501873038927726056e-01 9.067028273631375351e-04 9.671354806478743571e-01 1.000000000000000000e+00 9.000000000000000000e+00 2.900000000000000000e+01 3.700000000000000000e+01 1.000000000000000000e+00
-1.083399004111652530e+01 5.444827848989057806e+00 6.092357012184413634e+02 -2.161463706904573623e-01 2.620827563924321571e-04 9.762730294386646746e-01 1.000000000000000000e+00 9.000000000000000000e+00 3.000000000000000000e+01 3.800000000000000000e+01 1.000000000000000000e+00
-9.075203427387954491e+00 1.520024246329531925e+00 6.072553513972076189e+02 -1.913873229756382077e-01 7.463124103376716709e-04 9.808049944151278066e-01 2.000000000000000000e+00 9.000000000000000000e+00 2.300000000000000000e+01 2.900000000000000000e+01 1.000000000000000000e+00
-1.070032198415671942e+01 1.503314924777742867e+00 6.122307595214637104e+02 -2.233803934526294999e-01 1.261602341684325921e-03 9.726880788051170956e-01 2.000000000000000000e+00 9.000000000000000000e+00 2.400000000000000000e+01 3.000000000000000000e+01 1.000000000000000000e+00
-5.335277203387675193e+00 4.060480448919534524e+00 5.849441185041993094e+02 -1.020805719328937572e-01 -6.564250964324260407e-04 9.942345407728435669e-01 3.000000000000000000e+00 9.000000000000000000e+00 2.600000000000000000e+01 3.300000000000000000e+01 1.000000000000000000e+00
-6.308334603610206592e+00 4.059325168521824345e+00 5.833088745167427760e+02 -1.530381714246996927e-01 4.905838928368558283e-04 9.879158044576505926e-01 3.000000000000000000e+00 9.000000000000000000e+00 2.700000000000000000e+01 3.400000000000000000e+01 1.000000000000000000e+00
-5.973720991389063428e+00 4.136173012501772384e+00 5.827438783659031287e+02 -1.834398495339559509e-01 -7.061496606449510624e-04 9.823966628836272585e-01 3.000000000000000000e+00 9.000000000000000000e+00 2.800000000000000000e+01 3.500000000000000000e+01 1.000000000000000000e+00
-4.619332246597744884e+00 4.138756806806030752e+00 5.841968210109653228e+02 -1.486715440979455849e-01 2.841806636547446912e-04 9.887845444542225914e-01 3.000000000000000000e+00 9.000000000000000000e+00 2.900000000000000000e+01 3.600000000000000000e+01 1.000000000000000000e+00
2.055362769571565806e+01 1.345428581305677884e+00 5.977084096671161433e+02 1.728936450576884498e-02 1.645551770547346504e-03 9.964594704758984456e-01 4.000000000000000000e+00 9.000000000000000000e+00 2.700000000000000000e+01 3.500000000000000000e+01 1.000000000000000000e+00
2.218711761752870615e+01 1.303649787532632942e+00 5.952788611880656617e+02 8.022706871704038400e-02 2.819307024092673124e-04 9.966769311781370488e-01 4.000000000000000000e+00 9.000000000000000000e+00 2.800000000000000000e+01 3.600000000000000000e+01 1.000000000000000000e+00
1.122256452903333113e+01 1.284672657556422015e+00 5.923082681528881039e+02 -1.103139780016149929e-01 3.286839106608797911e-04 9.937609086066129249e-01 4.000000000000000000e+00 9.000000000000000000e+00 2.900000000000000000e+01 3.700000000000000000e+01 1.000000000000000000e+00
1.301150501817699734e+01 1.268762482111623013e+00 5.937066513805178829e+02 -3.443249422354799361e-02 5.972849361479050812e-04 9.989607250058294419e-01 4.000000000000000000e+00 9.000000000000000000e+00 3.000000000000000000e+01 3.800000000000000000e+01 1.000000000000000000e+00
1.678288106569621618e+01 4.839159070561355414e+00 6.248918676102190375e+02 -2.194335042289009552e-01 1.178389780140295419e-03 9.738467184505872343e-01 5.000000000000000000e+00 9.000000000000000000e+00 2.700000000000000000e+01 3.500000000000000000e+01 1.000000000000000000e+00
1.704802838450340374e+01 4.835997147735356272e+00 6.227304844141357307e+02 -2.290320550435235303e-01 7.653226841622209377e-04 9.726664488586552748e-01 5.000000000000000000e+00 9.000000000000000000e+00 2.800000000000000000e+01 3.600000000000000000e+01 1.000000000000000000e+00
1.703446473710524600e+01 4.842062148982572367e+00 6.162912815224643737e+02 -2.507747475192245723e-01 2.189144153615761243e-03 9.618373800666066842e-01 5.000000000000000000e+00 9.000000000000000000e+00 2.900000000000000000e+01 3.700000000000000000e+01 1.000000000000000000e+00
1.650153143494886976e+01 4.830372847931132085e+00 6.197629308545949698e+02 -2.086227136864255982e-01 8.098057393386269174e-04 9.771576638370325085e-01 5.000000000000000000e+00 9.000000000000000000e+00 3.000000000000000000e+01 3.800000000000000000e+01 1.000000000000000000e+00
1.817575303944128962e+01 4.553501898639874312e+00 6.071404702367765367e+02 -6.326487131926861185e-02 1.983531221868869814e-03 9.930566780333510701e-01 6.000000000000000000e+00 9.000000000000000000e+00 2.700000000000000000e+01 3.500000000000000000e+01 1.000000000000000000e+00
1.784501284806567512e+01 4.543552545377744778e+00 6.007163801379642791e+02 -1.106116104138681749e-01 1.052446485804800101e-03 9.924696280632185896e-01 6.000000000000000000e+00 9.000000000000000000e+00 2.800000000000000000e+01 3.600000000000000000e+01 1.000000000000000000e+00
2.459131786179356638e+01 4.539534062425132355e+00 5.999480928097958667e+02 7.128320797974593837e-02 1.752234250989324242e-03 9.936009722641508946e-01 6.000000000000000000e+00 9.000000000000000000e+00 2.900000000000000000e+01 3.700000000000000000e+01 1.000000000000000000e+00
2.405871738545663163e+01 4.531151841663874968e+00 5.964563108679212746e+02 5.406283181572565932e-02 5.288333077751846073e-04 9.981873814808187584e-01 6.000000000000000000e+00 9.000000000000000000e+00 3.000000000000000000e+01 3.800000000000000000e+01 1.000000000000000000e+00
2.224037933523075239e+01 6.248136747494369203e+00 6.177046973763942788e+02 5.468156339690757178e-02 6.736951750036172630e-04 9.979355007476244932e-01 7.000000000000000000e+00 9.000000000000000000e+00 2.200000000000000000e+01 2.700000000000000000e+01 1.000000000000000000e+00
2.376052309271103269e+01 6.257330754741334822e+00 6.191696609656419241e+02 1.285660197188735476e-01 8.007408436809927785e-04 9.908924330253000567e-01 7.000000000000000000e+00 9.000000000000000000e+00 2.300000000000000000e+01 2.800000000000000000e+01 1.000000000000000000e+00
4.005651360953671514e+01 3.859338814046550770e+00 5.991251089725611791e+02 2.698190474801538397e-01 9.235865722578324869e-04 9.618030729966322578e-01 8.000000000000000000e+00 9.000000000000000000e+00 2.700000000000000000e+01 3.500000000000000000e+01 1.000000000000000000e+00
3.946714103539242302e+01 3.827265394336934357e+00 6.001390992663848465e+02 2.428528095546677590e-01 -3.225939091995843602e-04 9.699290416395276448e-01 8.000000000000000000e+00 9.000000000000000000e+00 2.800000000000000000e+01 3.600000000000000000e+01 1.000000000000000000e+00
3.639850905388887981e+01 3.790952900693949079e+00 6.104544571359921292e+02 1.538836736529181626e-01 1.126015745347307270e-03 9.864836726150905122e-01 8.000000000000000000e+00 9.000000000000000000e+00 2.900000000000000000e+01 3.700000000000000000e+01 1.000000000000000000e+00
3.796908442389791816e+01 3.782604837093527017e+00 6.076652013264443895e+02 2.481823300665194354e-01 2.660432473007469248e-04 9.686220023926607192e-01 8.000000000000000000e+00 9.000000000000000000e+00 3.000000000000000000e+01 3.800000000000000000e+01 1.000000000000000000e+00
2.702280551900015482e+01 1.456189515403955692e+00 6.053299949328325056e+02 -1.727050544253128442e-02 1.046549760559823588e-03 9.984806275729338765e-01 9.000000000000000000e+00 9.000000000000000000e+00 2.700000000000000000e+01 3.500000000000000000e+01 1.000000000000000000e+00
2.868001351943338406e+01 1.444867371035859938e+00 5.972236387571681462e+02 8.013144855383698417e-02 8.762186985964710417e-04 9.958210446326380971e-01 9.000000000000000000e+00 9.000000000000000000e+00 2.800000000000000000e+01 3.600000000000000000e+01 1.000000000000000000e+00
1.944565852680285900e+01 1.512278386655041329e+00 6.090256899633324110e+02 -7.876111062426463527e-02 -9.903327042487591533e-04 9.956629903187478314e-01 9.000000000000000000e+00 9.000000000000000000e+00 2.900000000000000000e+01 3.700000000000000000e+01 1.000000000000000000e+00
1.828396621616916917e+01 1.481571361611331072e+00 6.124978699321768545e+02 -1.258484465045068279e-01 -5.046535776591324230e-04 9.917285316198137801e-01 9.000000000000000000e+00 9.000000000000000000e+00 3.000000000000000000e+01 3.800000000000000000e+01 1.000000000000000000e+00
5.216076269614029570e+01 1.355261979926760896e+00 5.920468821460946174e+02 2.116546964600075353e-01 3.180698524650520868e-04 9.772151085553293370e-01 1.000000000000000000e+01 9.000000000000000000e+00 2.700000000000000000e+01 3.400000000000000000e+01 1.000000000000000000e+00
5.178465200927881540e+01 1.383630444236992219e+00 5.956303511564229893e+02 1.718346509746994377e-01 1.570751121066705711e-03 9.819901756196812714e-01 1.000000000000000000e+01 9.000000000000000000e+00 2.800000000000000000e+01 3.500000000000000000e+01 1.000000000000000000e+00
3.475420957063632699e+01 1.379239497276908422e+00 5.834680885825420091e+02 -2.211336492208847704e-01 1.891296839707863782e-03 9.706479278515626197e-01 1.000000000000000000e+01 9.000000000000000000e+00 2.900000000000000000e+01 3.600000000000000000e+01 1.000000000000000000e+00
-1.546873575840339132e+00 4.192601374388494229e+00 6.130971190574697403e+02 -2.436656479800721198e-01 -5.688874162871426863e-04 9.694420920113933082e-01 1.100000000000000000e+01 9.000000000000000000e+00 2.700000000000000000e+01 3.400000000000000000e+01 1.000000000000000000e+00
-3.609364210268110273e+00 4.255416245165485556e+00 6.186174248313626549e+02 -2.620347392823620947e-01 2.612005928050725387e-03 9.561806095026159635e-01 1.100000000000000000e+01 9.000000000000000000e+00 2.800000000000000000e+01 3.500000000000000000e+01 1.000000000000000000e+00
-5.539631540719852865e+00 4.246769910013713734e+00 6.223697472463230724e+02 -2.782067343735570297e-01 1.443297634692215954e-03 9.578064746040458877e-01 1.100000000000000000e+01 9.000000000000000000e+00 2.900000000000000000e+01 3.600000000000000000e+01 1.000000000000000000e+00
1.449636538025006161e+01 3.620391348579712787e+00 6.005865603580609786e+02 1.785376554324091536e-01 2.875490198620469975e-03 9.733720747416130248e-01 1.200000000000000000e+01 9.000000000000000000e+00 2.700000000000000000e+01 3.500000000000000000e+01 1.000000000000000000e+00
1.511039699247618806e+01 3.567313392253635307e+00 5.986075282881295152e+02 1.955886192878930063e-01 -4.196413849731420718e-04 9.804615468110414733e-01 1.200000000000000000e+01 9.000000000000000000e+00 2.800000000000000000e+01 3.600000000000000000e+01 1.000000000000000000e+00
-9.037044546750522045e+00 3.572725463615725516e+00 5.988927783623220193e+02 -2.223178093484071971e-01 1.577225156612401457e-03 9.717796528328311867e-01 1.200000000000000000e+01 9.000000000000000000e+00 2.900000000000000000e+01 3.700000000000000000e+01 1.000000000000000000e+00
-8.564138047078605709e+00 3.538139709780328879e+00 6.027748978517249725e+02 -2.051358786536224277e-01 5.465019702639764944e-04 9.783519869046366502e-01 1.200000000000000000e+01 9.000000000000000000e+00 3.000000000000000000e+01 3.800000000000000000e+01 1.000000000000000000e+00
4.743376647788836920e+01 5.088591286720504314e+00 5.908799252262466553e+02 -4.441978457946193191e-03 4.349651326856144424e-04 9.997536107265373451e-01 1.300000000000000000e+01 9.000000000000000000e+00 2.300000000000000000e+01 2.900000000000000000e+01 1.000000000000000000e+00
4.809756796979077365e+01 5.118877377647654825e+00 5.979857187379222978e+02 3.785648997773674584e-02 8.507695314196233932e-04 9.983773656176234690e-01 1.300000000000000000e+01 9.000000000000000000e+00 2.400000000000000000e+01 3.000000000000000000e+01 1.000000000000000000e+00
3.900797827629862979e+01 4.794448586329228768e+00 5.976801687889128516e+02 1.647469109752764949e-01 9.943610998185776952e-04 9.850820119827705668e-01 1.400000000000000000e+01 9.000000000000000000e+00 2.300000000000000000e+01 2.900000000000000000e+01 1.000000000000000000e+00
3.727485428839520409e+01 4.822000449072856298e+00 5.969481515931985314e+02 1.217692049800092741e-01 2.892577453079371239e-03 9.819647396487201085e-01 1.400000000000000000e+01 9.000000000000000000e+00 2.400000000000000000e+01 3.000000000000000000e+01 1.000000000000000000e+00
-1.124317921658009212e+01 9.775921546056474121e-01 5.851990509328361441e+02 -9.435515722864444565e-02 6.408659841995602670e-05 9.955334432223336139e-01 1.500000000000000000e+01 9.000000000000000000e+00 2.600000000000000000e+01 3.300000000000000000e+01 1.000000000000000000e+00
-1.267508050550729592e+01 9.992981621497198930e-01 5.855038828504741559e+02 -1.864964457595571778e-01 5.636437120703403653e-04 9.820513429213675316e-01 1.500000000000000000e+01 9.000000000000000000e+00 2.700000000000000000e+01 3.400000000000000000e+01 1.000000000000000000e+00
-1.347912850780742744e+01 1.024819481534993582e+00 5.961808658447973812e+02 -2.070622954829761941e-01 1.999658064963092167e-04 9.782766684225385756e-01 1.500000000000000000e+01 9.000000000000000000e+00 2.800000000000000000e+01 3.500000000000000000e+01 1.000000000000000000e+00
-1.403411255717891137e+01 1.003969004567920598e+00 5.908301636268604398e+02 -2.627203127706514429e-01 3.786267052525171557e-04 9.646862919119694180e-01 1.500000000000000000e+01 9.000000000000000000e+00 2.900000000000000000e+01 3.600000000000000000e+01 1.000000000000000000e+00
8.149774373464021338e+00 4.572698894234774158e+00 6.149039916074846133e+02 -3.504807675453106564e-01 1.214241405999962834e-03 9.346000621125263308e-01 1.600000000000000000e+01 9.000000000000000000e+00 2.700000000000000000e+01 3.500000000000000000e+01 1.000000000000000000e+00
1.130408093121610591e+01 4.541834134175715576e+00 6.136763264559584741e+02 -2.491340921975699341e-01 3.711748160633916065e-04 9.682911634651497623e-01 1.600000000000000000e+01 9.000000000000000000e+00 2.800000000000000000e+01 3.600000000000000000e+01 1.000000000000000000e+00
3.287420756521824217e+01 4.593223157823451253e+00 6.161500729624790438e+02 4.938442393557096466e-02 2.454003138016747239e-05 9.987790912607760196e-01 1.600000000000000000e+01 9.000000000000000000e+00 2.900000000000000000e+01 3.700000000000000000e+01 1.000000000000000000e+00
3.280257951681591067e+01 4.615856380419284477e+00 6.227229435303452192e+02 2.247206003621256623e-02 5.130937962408394859e-04 9.994182524891052077e-01 1.600000000000000000e+01 9.000000000000000000e+00 3.000000000000000000e+01 3.800000000000000000e+01 1.000000000000000000e+00
4.451447287076317849e+01 5.413754656476119642e+00 5.917098932073591868e+02 -3.916554120356823682e-02 8.934705668570986096e-05 9.992227495112818714e-01 1.700000000000000000e+01 9.000000000000000000e+00 2.700000000000000000e+01 3.400000000000000000e+01 1.000000000000000000e+00
5.053690932944971337e+01 5.480493351162882831e+00 5.952880408212481598e+02 1.535202193985860386e-01 1.232208921070630835e-03 9.862229439497414152e-01 1.700000000000000000e+01 9.000000000000000000e+00 2.800000000000000000e+01 3.500000000000000000e+01 1.000000000000000000e+00
5.272912197007911317e+01 5.517799039611094969e+00 5.963352507868885368e+02 2.449959979507534691e-01 2.514522725215446661e-03 9.613375575982934240e-01 1.700000000000000000e+01 9.000000000000000000e+00 2.900000000000000000e+01 3.600000000000000000e+01 1.000000000000000000e+00
1.188244000600719019e+01 5.825147772087965414e+00 6.204415273830238675e+02 -2.170413539948254644e-01 5.469074796723318163e-04 9.757793199170543552e-01 1.800000000000000000e+01 9.000000000000000000e+00 2.700000000000000000e+01 3.500000000000000000e+01 1.000000000000000000e+00
9.977658976989509654e+00 5.871033585250376774e+00 6.239094249621217614e+02 -2.790458463226334618e-01 1.224291904294556085e-03 9.583246782707738332e-01 1.800000000000000000e+01 9.000000000000000000e+00 2.800000000000000000e+01 3.600000000000000000e+01 1.000000000000000000e+00
7.940175349098550939e+00 5.824377140133255359e+00 6.182817987653617138e+02 -3.017902868555059070e-01 1.580044816859736603e-03 9.500953997896516290e-01 1.800000000000000000e+01 9.000000000000000000e+00 2.900000000000000000e+01 3.700000000000000000e+01 1.000000000000000000e+00
9.971169808311652005e+00 5.830102876529102751e+00 6.159698222627778250e+02 -2.663666711000352572e-01 9.844927215980024942e-04 9.626140097307367416e-01 1.800000000000000000e+01 9.000000000000000000e+00 3.000000000000000000e+01 3.800000000000000000e+01 1.000000000000000000e+00
2.169815436118341268e+00 3.291222461415074463e+00 5.924621126043520007e+02 -2.287667828703471851e-01 9.759367438136835535e-04 9.722574904495914216e-01 1.900000000000000000e+01 9.000000000000000000e+00 2.100000000000000000e+01 2.700000000000000000e+01 1.000000000000000000e+00
4.288442529222124655e+00 3.244762399997143110e+00 5.902779189320862088e+02 -1.537647999165557833e-01 1.312878376874888897e-03 9.859245722799779843e-01 1.900000000000000000e+01 9.000000000000000000e+00 2.200000000000000000e+01 2.800000000000000000e+01 1.000000000000000000e+00
3.859863765768129618e+00 3.272558322057423030e+00 5.923291680478579337e+02 -1.700858557195605858e-01 1.482559836822431492e-03 9.826371876281435602e-01 1.900000000000000000e+01 9.000000000000000000e+00 2.300000000000000000e+01 2.900000000000000000e+01 1.000000000000000000e+00
3.848746785066443632e+00 3.274845513138350039e+00 5.883402050656513893e+02 -2.135339458208462549e-01 1.309596887109524188e-03 9.747387567781238271e-01 1.900000000000000000e+01 9.000000000000000000e+00 2.400000000000000000e+01 3.000000000000000000e+01 1.000000000000000000e+00
